 -5.387335061187140E-017
  8.063739378140897E-008
 -1.804226456873954E-007
  4.989567050636123E-007
 -1.994641787521167E-006
 -9.841170919888820E-006
 -1.852321225594432E-004
 -1.051464028056124E-003
 -1.207029715503979E-003
 -2.609536947321610E-004
 -1.939739786075206E-005
 -6.216107373594432E-006
  1.281125012067266E-006
 -1.016272656141731E-006
  6.219969232401318E-007
 -5.374306069565616E-007
 -8.063739401270035E-008
 -7.182003772252111E-018
  4.235199443900170E-008
 -3.469481263663430E-007
  1.416679381900723E-006
  9.917665393667206E-006
  1.812724320272463E-004
  1.033229186787683E-003
  1.236243447330867E-003
  2.814744182357238E-004
  2.285637285447157E-005
  7.043529717742465E-006
 -1.357884402458797E-006
  1.140314151862868E-006
 -6.996740089180999E-007
  6.219969232596589E-007
  1.804226458938306E-007
 -4.235199476704726E-008
 -5.467040929518210E-017
  4.584271409494181E-007
 -1.601239221383798E-006
 -1.242299834773602E-005
 -2.632377118546687E-004
 -1.568219397525894E-003
 -1.913864392699229E-003
 -4.333465557328291E-004
 -3.409798503306770E-005
 -1.107195852006649E-005
  2.224492205184530E-006
 -1.849422223220234E-006
  1.140314151991678E-006
 -1.016272656208170E-006
 -4.989567052693305E-007
  3.469481267016738E-007
 -4.584271411137935E-007
 -3.559195483643853E-017
 -4.609115140247370E-007
  1.318096998734586E-005
  2.474630597303974E-004
  1.477271873121056E-003
  1.973569438885045E-003
  5.038980130946284E-004
  4.971172115706327E-005
  1.436836600606914E-005
 -2.264536887401209E-006
  2.224492205191693E-006
 -1.357884402504452E-006
  1.281125012174967E-006
  1.994641787794897E-006
 -1.416679382192815E-006
  1.601239221503360E-006
  4.609115139642400E-007
 -7.117507877506250E-018
 -1.644065397724006E-005
 -9.411426675608037E-004
 -7.002025340754941E-003
 -9.494922034656262E-003
 -2.086286248767267E-003
 -1.323342711273079E-004
 -5.664462348523454E-005
  1.436836600613946E-005
 -1.107195852010654E-005
  7.043529717727465E-006
 -6.216107373677918E-006
  9.841170919549436E-006
 -9.917665393324785E-006
  1.242299834746596E-005
 -1.318096998716530E-005
  1.644065397715017E-005
  1.499324618303878E-017
 -9.475656286024123E-004
 -1.216674658588579E-002
 -2.160279463466459E-002
 -4.427146918853837E-003
 -1.150623025693468E-004
 -1.323342711272679E-004
  4.971172115695603E-005
 -3.409798503293233E-005
  2.285637285440443E-005
 -1.939739786066570E-005
  1.852321225596525E-004
 -1.812724320275005E-004
  2.632377118547991E-004
 -2.474630597305052E-004
  9.411426675608655E-004
  9.475656286023054E-004
  5.275853737339889E-018
 -8.018451457248903E-002
 -0.213525451135671     
 -5.683512799786782E-002
 -4.427146918853726E-003
 -2.086286248767339E-003
  5.038980130947909E-004
 -4.333465557328300E-004
  2.814744182358406E-004
 -2.609536947323026E-004
  1.051464028056070E-003
 -1.033229186787347E-003
  1.568219397526015E-003
 -1.477271873120920E-003
  7.002025340755108E-003
  1.216674658588546E-002
  8.018451457248844E-002
 -2.693685354646576E-016
 -0.625402918366436     
 -0.213525451135669     
 -2.160279463466394E-002
 -9.494922034656137E-003
  1.973569438884994E-003
 -1.913864392699217E-003
  1.236243447330646E-003
 -1.207029715504244E-003
  1.207029715504145E-003
 -1.236243447330363E-003
  1.913864392699338E-003
 -1.973569438884979E-003
  9.494922034656321E-003
  2.160279463466376E-002
  0.213525451135665     
  0.625402918366421     
 -2.978065349163555E-016
 -8.018451457248899E-002
 -1.216674658588566E-002
 -7.002025340754799E-003
  1.477271873120820E-003
 -1.568219397526071E-003
  1.033229186787303E-003
 -1.051464028056193E-003
  2.609536947322799E-004
 -2.814744182356821E-004
  4.333465557328900E-004
 -5.038980130946270E-004
  2.086286248767143E-003
  4.427146918853685E-003
  5.683512799786600E-002
  0.213525451135665     
  8.018451457248851E-002
  2.028030878175436E-017
 -9.475656286024058E-004
 -9.411426675607622E-004
  2.474630597305507E-004
 -2.632377118547150E-004
  1.812724320273085E-004
 -1.852321225596563E-004
  1.939739786077296E-005
 -2.285637285443078E-005
  3.409798503307346E-005
 -4.971172115719116E-005
  1.323342711273066E-004
  1.150623025690130E-004
  4.427146918853634E-003
  2.160279463466379E-002
  1.216674658588561E-002
  9.475656286023561E-004
 -4.330946038632234E-017
 -1.644065397723094E-005
  1.318096998713292E-005
 -1.242299834764442E-005
  9.917665393453752E-006
 -9.841170919703346E-006
  6.216107373521741E-006
 -7.043529717822486E-006
  1.107195851996550E-005
 -1.436836600613646E-005
  5.664462348520018E-005
  1.323342711273872E-004
  2.086286248767072E-003
  9.494922034656171E-003
  7.002025340755193E-003
  9.411426675608783E-004
  1.644065397715185E-005
 -5.567405522123592E-018
 -4.609115140008982E-007
 -1.601239221287144E-006
  1.416679382029562E-006
 -1.994641787748849E-006
 -1.281125012174610E-006
  1.357884402535683E-006
 -2.224492205117320E-006
  2.264536887602473E-006
 -1.436836600607290E-005
 -4.971172115724929E-005
 -5.038980130945007E-004
 -1.973569438885062E-003
 -1.477271873121049E-003
 -2.474630597302978E-004
 -1.318096998732217E-005
  4.609115139700857E-007
  3.004272815652266E-018
  4.584271409950967E-007
 -3.469481264282544E-007
  4.989567053001151E-007
  1.016272656105138E-006
 -1.140314151775901E-006
  1.849422223105248E-006
 -2.224492205058140E-006
  1.107195851994806E-005
  3.409798503314204E-005
  4.333465557328038E-004
  1.913864392699358E-003
  1.568219397525824E-003
  2.632377118547936E-004
  1.242299834759650E-005
  1.601239221588088E-006
 -4.584271410585054E-007
 -3.984707802946673E-018
  4.235199441861698E-008
 -1.804226457786992E-007
 -6.219969231853542E-007
  6.996740087722633E-007
 -1.140314151650582E-006
  1.357884402472292E-006
 -7.043529717874626E-006
 -2.285637285462462E-005
 -2.814744182355686E-004
 -1.236243447330657E-003
 -1.033229186787814E-003
 -1.812724320275002E-004
 -9.917665393560807E-006
 -1.416679381980956E-006
  3.469481265552303E-007
 -4.235199471336767E-008
 -2.146198424129009E-017
  8.063739393472528E-008
  5.374306070955483E-007
 -6.219969230614526E-007
  1.016272655989635E-006
 -1.281125012081391E-006
  6.216107373449870E-006
  1.939739786084252E-005
  2.609536947321028E-004
  1.207029715503756E-003
  1.051464028055888E-003
  1.852321225594507E-004
  9.841170919718436E-006
  1.994641787758806E-006
 -4.989567051559555E-007
  1.804226457543234E-007
 -8.063739399188408E-008
 -1.097551826235546E-018
