 -3.113859896555578E-007
  4.082859935909788E-007
 -4.877925322417143E-007
  1.078875735616923E-006
 -9.733175598054313E-007
  1.953630843752355E-006
 -2.155156424540813E-005
 -2.496468232016581E-005
  2.122512468783042E-004
  1.061430347298057E-004
  2.118211919621458E-005
  6.529057818473826E-006
  1.188749645346465E-007
  8.075533161713230E-007
 -3.898758699755359E-007
  4.069815783643164E-007
  4.082859935736316E-007
 -4.385628921975762E-007
  5.640466527627469E-007
 -1.288661319180064E-006
  1.987087481758062E-006
  4.334634873466299E-006
  7.634572824326668E-005
  2.284266715795625E-004
 -1.473567403816180E-005
 -4.032255534093292E-005
 -9.091767692017315E-006
 -4.360158121101669E-006
  9.404288550231135E-008
 -7.356471649608494E-007
  3.780476748506916E-007
 -3.898758699682831E-007
 -4.877925322352147E-007
  5.640466527618699E-007
 -4.240573987162933E-007
  1.920420201411275E-006
  3.810731831150321E-006
  3.653034460650360E-005
  1.818360422411351E-004
  6.518626338638908E-004
  1.068497560304881E-003
  4.219457853967326E-004
  8.401657242727868E-005
  2.127253806004016E-005
  1.516423728400887E-006
  1.910138853161241E-006
 -7.356471649735786E-007
  8.075533161544517E-007
  1.078875735612806E-006
 -1.288661319185047E-006
  1.920420201417676E-006
 -2.679164180078860E-006
  1.340130758891366E-005
  8.885449920929462E-005
  8.445453728274081E-004
  3.077025046516605E-003
  2.967063999164483E-003
  9.940837562111889E-004
  1.979507554973640E-004
  3.941352059421929E-005
  5.755104374202984E-006
  1.516423728365548E-006
  9.404288547051882E-008
  1.188749645582790E-007
 -9.733175598056479E-007
  1.987087481750637E-006
  3.810731831138186E-006
  1.340130758892753E-005
  5.981434095061154E-005
  4.007581188277305E-004
  3.106647813334682E-003
  1.196233970499151E-002
  1.517001290729460E-002
  5.831889313652017E-003
  1.260315319848196E-003
  3.041440214262931E-004
  3.941352059425158E-005
  2.127253806004467E-005
 -4.360158121114807E-006
  6.529057818432767E-006
  1.953630843750484E-006
  4.334634873466298E-006
  3.653034460650425E-005
  8.885449920929635E-005
  4.007581188277200E-004
  1.343721154144605E-003
  1.030325100862025E-002
  4.415697701043549E-002
  5.556865762229744E-002
  2.199540917402284E-002
  5.088325882102692E-003
  1.260315319848189E-003
  1.979507554972656E-004
  8.401657242724520E-005
 -9.091767692119471E-006
  2.118211919621271E-005
 -2.155156424540887E-005
  7.634572824326250E-005
  1.818360422411263E-004
  8.445453728273994E-004
  3.106647813334696E-003
  1.030325100862023E-002
  3.980873789152021E-002
  0.147129813378903     
  0.204702653734035     
  8.769405458466581E-002
  2.199540917402276E-002
  5.831889313651865E-003
  9.940837562110020E-004
  4.219457853965174E-004
 -4.032255534100353E-005
  1.061430347297713E-004
 -2.496468232016956E-005
  2.284266715795586E-004
  6.518626338638947E-004
  3.077025046516613E-003
  1.196233970499149E-002
  4.415697701043549E-002
  0.147129813378903     
  0.369948785666028     
  0.463247165314173     
  0.204702653734035     
  5.556865762229721E-002
  1.517001290729432E-002
  2.967063999164026E-003
  1.068497560304487E-003
 -1.473567403842958E-005
  2.122512468782461E-004
  2.122512468782994E-004
 -1.473567403815805E-005
  1.068497560304883E-003
  2.967063999164480E-003
  1.517001290729459E-002
  5.556865762229739E-002
  0.204702653734035     
  0.463247165314172     
  0.369948785666028     
  0.147129813378904     
  4.415697701043542E-002
  1.196233970499132E-002
  3.077025046516303E-003
  6.518626338637110E-004
  2.284266715794981E-004
 -2.496468232014453E-005
  1.061430347298090E-004
 -4.032255534092465E-005
  4.219457853967385E-004
  9.940837562111835E-004
  5.831889313652000E-003
  2.199540917402280E-002
  8.769405458466568E-002
  0.204702653734035     
  0.147129813378904     
  3.980873789152025E-002
  1.030325100862027E-002
  3.106647813334611E-003
  8.445453728274788E-004
  1.818360422411090E-004
  7.634572824321726E-005
 -2.155156424542244E-005
  2.118211919621153E-005
 -9.091767692010676E-006
  8.401657242728132E-005
  1.979507554973585E-004
  1.260315319848184E-003
  5.088325882102686E-003
  2.199540917402274E-002
  5.556865762229717E-002
  4.415697701043537E-002
  1.030325100862027E-002
  1.343721154144508E-003
  4.007581188278177E-004
  8.885449920913067E-005
  3.653034460657662E-005
  4.334634873444829E-006
  1.953630843754358E-006
  6.529057818459901E-006
 -4.360158121108661E-006
  2.127253806003239E-005
  3.941352059423658E-005
  3.041440214262871E-004
  1.260315319848173E-003
  5.831889313651840E-003
  1.517001290729423E-002
  1.196233970499127E-002
  3.106647813334601E-003
  4.007581188278048E-004
  5.981434095056122E-005
  1.340130758893874E-005
  3.810731831168289E-006
  1.987087481624084E-006
 -9.733175597986465E-007
  1.188749645484067E-007
  9.404288549521703E-008
  1.516423728398180E-006
  5.755104374194240E-006
  3.941352059423937E-005
  1.979507554972391E-004
  9.940837562110044E-004
  2.967063999164030E-003
  3.077025046516318E-003
  8.445453728274363E-004
  8.885449920907084E-005
  1.340130758894307E-005
 -2.679164179924854E-006
  1.920420201295065E-006
 -1.288661319070640E-006
  1.078875735479105E-006
  8.075533161814033E-007
 -7.356471649762129E-007
  1.910138853151520E-006
  1.516423728386868E-006
  2.127253806004957E-005
  8.401657242721758E-005
  4.219457853965428E-004
  1.068497560304528E-003
  6.518626338637533E-004
  1.818360422410882E-004
  3.653034460653977E-005
  3.810731831157031E-006
  1.920420201309584E-006
 -4.240573987463029E-007
  5.640466526753186E-007
 -4.877925320301511E-007
 -3.898758700017154E-007
  3.780476748646897E-007
 -7.356471649351936E-007
  9.404288547295389E-008
 -4.360158121122558E-006
 -9.091767692104620E-006
 -4.032255534097009E-005
 -1.473567403830756E-005
  2.284266715795612E-004
  7.634572824325543E-005
  4.334634873439525E-006
  1.987087481667267E-006
 -1.288661319036812E-006
  5.640466526718564E-007
 -4.385628917077642E-007
  4.082859933110057E-007
  4.069815784660615E-007
 -3.898758698208036E-007
  8.075533161565647E-007
  1.188749645316168E-007
  6.529057818426042E-006
  2.118211919618748E-005
  1.061430347297710E-004
  2.122512468783016E-004
 -2.496468232008959E-005
 -2.155156424541866E-005
  1.953630843734702E-006
 -9.733175598275395E-007
  1.078875735498838E-006
 -4.877925321008225E-007
  4.082859933006041E-007
 -3.113859893934419E-007
