  6.911122233855452E-008
 -1.083377908015634E-007
  1.175082785034128E-007
 -1.377285029552812E-007
  1.621540248696341E-007
 -1.952962521830456E-007
  2.373917591926000E-007
 -3.021173728580384E-007
  3.762341734498677E-007
 -5.387598804326246E-007
  6.818292468248042E-007
 -1.104247096273692E-006
  2.549274680545512E-006
  1.802007458373665E-006
  4.578535592395138E-005
  1.145267139945330E-004
 -1.231751036726125E-004
 -5.594482300852483E-005
 -6.388352600730644E-006
 -4.104799912769698E-006
  5.076480969652274E-007
 -8.681815957367665E-007
  4.651431400968588E-007
 -3.955797673334627E-007
  2.926145471232508E-007
 -2.389901190229237E-007
  1.941529308059331E-007
 -1.626775833707424E-007
  1.380132873272989E-007
 -1.197161694268858E-007
  1.031367037551933E-007
 -1.186619908763367E-007
 -1.083377907767846E-007
  5.269484625516189E-008
 -1.122554958120729E-007
  1.209430287510511E-007
 -1.449456481553227E-007
  1.742120652155091E-007
 -2.119430026803926E-007
  2.701766576100674E-007
 -3.357674520546147E-007
  4.850985027575908E-007
 -6.001513617646318E-007
  1.049522447811544E-006
 -2.018765089171669E-006
 -7.286362684848169E-008
 -3.528757005037082E-005
 -1.013279607623892E-004
  1.064582144365103E-004
  4.440630745791550E-005
  4.265017201991068E-006
  3.425149351356461E-006
 -4.939809125461381E-007
  7.692662422324869E-007
 -4.147936049708936E-007
  3.524940512158895E-007
 -2.604405453026392E-007
  2.127887157780344E-007
 -1.727896507855989E-007
  1.447711558662153E-007
 -1.228039173568821E-007
  1.064117453127748E-007
 -9.221964340777946E-008
  1.031367037548604E-007
  1.175082785163368E-007
 -1.122554958130874E-007
  7.057041677631773E-008
 -1.499758445901637E-007
  1.644620773992504E-007
 -2.013908947487284E-007
  2.442130459044657E-007
 -3.120977969948982E-007
  3.865396291241602E-007
 -5.623665762716328E-007
  6.867334252415467E-007
 -1.218505985249534E-006
  2.353896536540111E-006
  3.622719355305079E-007
  4.143574875367078E-005
  1.163111644072107E-004
 -1.256973577854873E-004
 -5.360364962221150E-005
 -5.723627251922182E-006
 -4.149080200235186E-006
  5.208610909871685E-007
 -9.015292152812584E-007
  4.753529635734435E-007
 -4.084235260093665E-007
  3.005638128919203E-007
 -2.460121492365716E-007
  1.996426462675624E-007
 -1.673236763857346E-007
  1.419189630091456E-007
 -1.230214822309159E-007
  1.064117452839719E-007
 -1.197161694113719E-007
 -1.377285029724742E-007
  1.209430287688620E-007
 -1.499758446186730E-007
  9.412061617501017E-008
 -2.041962257004512E-007
  2.287453685757334E-007
 -2.824687903639074E-007
  3.606819937094708E-007
 -4.455496529798629E-007
  6.540406125687353E-007
 -7.835329128950501E-007
  1.444627904348193E-006
 -2.631438999865594E-006
 -1.571518878386445E-007
 -4.761840656784365E-005
 -1.363319874242069E-004
  1.426851089810019E-004
  6.127571324645170E-005
  6.600110508378336E-006
  4.816197891241770E-006
 -5.776550461292312E-007
  1.047862821998112E-006
 -5.444750766287599E-007
  4.720251435989569E-007
 -3.461556106035391E-007
  2.838403585425160E-007
 -2.302139394512551E-007
  1.930186496651893E-007
 -1.637105954230575E-007
  1.419189629759926E-007
 -1.228039173087796E-007
  1.380132872976474E-007
  1.621540248997105E-007
 -1.449456481983228E-007
  1.644620774418261E-007
 -2.041962257355398E-007
  1.300478962393189E-007
 -2.894079875036133E-007
  3.260334758779408E-007
 -4.251912185966254E-007
  5.212285710840182E-007
 -7.737949097620771E-007
  9.044012679276022E-007
 -1.749002963774170E-006
  2.916210297491704E-006
 -4.921341015681662E-007
  5.307869450543525E-005
  1.527251839682995E-004
 -1.757648003648789E-004
 -7.493755240991977E-005
 -8.440902836762220E-006
 -5.859266600282824E-006
  6.322624149263986E-007
 -1.252390069396327E-006
  6.374233679789220E-007
 -5.585552713780094E-007
  4.077567136591601E-007
 -3.349483264109819E-007
  2.714240069177818E-007
 -2.276207136305867E-007
  1.930186496027498E-007
 -1.673236763277202E-007
  1.447711558080914E-007
 -1.626775833188859E-007
 -1.952962522300606E-007
  1.742120652874665E-007
 -2.013908948148668E-007
  2.287453686400903E-007
 -2.894079875359789E-007
  1.880867864801085E-007
 -4.222768448255900E-007
  5.039052453322445E-007
 -6.270983654018726E-007
  9.388469272666505E-007
 -1.076467480345138E-006
  2.151074384253728E-006
 -3.533635749890854E-006
  1.195198302118861E-007
 -6.860828450035197E-005
 -2.040192367803938E-004
  1.889866076298156E-004
  8.411705179769547E-005
  9.504196383591595E-006
  6.945661766235766E-006
 -7.092340417010750E-007
  1.504318797439171E-006
 -7.503924074921016E-007
  6.667892575071296E-007
 -4.845476069725870E-007
  3.992488292741999E-007
 -3.233849597059863E-007
  2.714240068410290E-007
 -2.302139393392904E-007
  1.996426461527003E-007
 -1.727896506547217E-007
  1.941529307118585E-007
  2.373917592440854E-007
 -2.119430027661069E-007
  2.442130459980983E-007
 -2.824687904511148E-007
  3.260334759373824E-007
 -4.222768448744109E-007
  2.739355604931022E-007
 -6.577841183168260E-007
  7.373493243150499E-007
 -1.144871142436965E-006
  1.245449503378657E-006
 -2.748534963274360E-006
  3.447247869100794E-006
 -3.888245953100799E-006
  6.265485581165405E-005
  1.815337290041951E-004
 -2.985699839713122E-004
 -1.236891019521169E-004
 -1.540546977888126E-005
 -9.394342489522940E-006
  7.401341185700617E-007
 -1.910050091053304E-006
  9.216407807119578E-007
 -8.298852614152062E-007
  5.986954528605393E-007
 -4.939124560956782E-007
  3.992488292172254E-007
 -3.349483262692623E-007
  2.838403583740422E-007
 -2.460121490412676E-007
  2.127887156214618E-007
 -2.389901189191253E-007
 -3.021173729056685E-007
  2.701766577077922E-007
 -3.120977971403225E-007
  3.606819938301121E-007
 -4.251912186848007E-007
  5.039052453955635E-007
 -6.577841183710748E-007
  4.551576290732933E-007
 -1.025552919372213E-006
  1.472543850241853E-006
 -1.630363615164799E-006
  3.515356555714185E-006
 -5.773139723021885E-006
 -2.860041247836032E-006
 -1.330333978524644E-004
 -4.254975525584367E-004
  1.715522844665644E-004
  9.665723326993540E-005
  1.056163569206414E-005
  9.972778793270894E-006
 -9.138053851672175E-007
  2.290417650290295E-006
 -1.085717174573205E-006
  1.002741425713928E-006
 -7.202201559395441E-007
  5.986954527632527E-007
 -4.845476068267776E-007
  4.077567134744888E-007
 -3.461556103685836E-007
  3.005638126466419E-007
 -2.604405450978483E-007
  2.926145469845085E-007
  3.762341735183741E-007
 -3.357674521645244E-007
  3.865396292342878E-007
 -4.455496530873943E-007
  5.212285712000436E-007
 -6.270983654776962E-007
  7.373493243897764E-007
 -1.025552919383052E-006
  6.375322720669820E-007
 -1.942629646432497E-006
  1.659610723216731E-006
 -4.926457445674499E-006
  1.500612647266839E-006
 -2.436135925546484E-005
 -5.981337821503849E-006
 -5.685823262414163E-005
 -8.338692651807623E-004
 -3.086497232835457E-004
 -4.466136666484971E-005
 -1.991513744249334E-005
  5.470045993239351E-007
 -3.457368181291231E-006
  1.517352053277811E-006
 -1.419411027767232E-006
  1.002741425667163E-006
 -8.298852612783545E-007
  6.667892573379511E-007
 -5.585552711410001E-007
  4.720251433424608E-007
 -4.084235257449884E-007
  3.524940510080574E-007
 -3.955797671770063E-007
 -5.387598804919113E-007
  4.850985028502987E-007
 -5.623665763529263E-007
  6.540406126673176E-007
 -7.737949098400498E-007
  9.388469273377826E-007
 -1.144871142477105E-006
  1.472543850260654E-006
 -1.942629646435891E-006
  1.644638406311576E-006
 -3.162767545827016E-006
  6.683386613443628E-006
 -1.576992754633798E-005
 -3.939278186198828E-005
 -4.900259341089576E-004
 -1.708461026063328E-003
 -7.206449907218977E-004
 -1.324110949799214E-004
 -2.882829022394588E-005
  6.928046490923321E-006
 -1.874032403353753E-006
  3.284035690795205E-006
 -1.549173774136481E-006
  1.517352053196692E-006
 -1.085717174446093E-006
  9.216407805622785E-007
 -7.503924072736414E-007
  6.374233677281921E-007
 -5.444750763621521E-007
  4.753529633173200E-007
 -4.147936047397804E-007
  4.651431399455736E-007
  6.818292468763115E-007
 -6.001513618368481E-007
  6.867334253278722E-007
 -7.835329129787743E-007
  9.044012680012635E-007
 -1.076467480424228E-006
  1.245449503410931E-006
 -1.630363615185789E-006
  1.659610723236671E-006
 -3.162767545830287E-006
  7.518723324513303E-007
 -1.088758569231729E-005
 -1.873317193873298E-005
 -1.587111918691398E-004
 -7.951946089574985E-004
 -2.883490785824374E-003
 -4.490263715971277E-003
 -1.493014995249104E-003
 -2.495086280406538E-004
 -7.845881129653204E-005
 -4.132026800840732E-006
 -9.877894476277549E-006
  3.284035690779100E-006
 -3.457368181223257E-006
  2.290417650156063E-006
 -1.910050090861649E-006
  1.504318797198004E-006
 -1.252390069131887E-006
  1.047862821717350E-006
 -9.015292150301068E-007
  7.692662420101961E-007
 -8.681815955857786E-007
 -1.104247096305453E-006
  1.049522447882443E-006
 -1.218505985321588E-006
  1.444627904414085E-006
 -1.749002963805588E-006
  2.151074384311055E-006
 -2.748534963313713E-006
  3.515356555717592E-006
 -4.926457445670558E-006
  6.683386613448339E-006
 -1.088758569232935E-005
  1.044091470925951E-005
 -5.580147546125358E-005
 -2.839616777000377E-004
 -2.862341282882504E-003
 -1.093237298312121E-002
 -9.677400901079578E-003
 -2.874835283170461E-003
 -5.414401926982518E-004
 -1.105546833039446E-004
 -2.023253402126754E-005
 -4.132026800847044E-006
 -1.874032403327516E-006
  5.470045992502263E-007
 -9.138053850190681E-007
  7.401341183880557E-007
 -7.092340414769463E-007
  6.322624146647507E-007
 -5.776550458373730E-007
  5.208610907290386E-007
 -4.939809123399523E-007
  5.076480968367994E-007
  2.549274680562038E-006
 -2.018765089213902E-006
  2.353896536555276E-006
 -2.631438999905394E-006
  2.916210297516944E-006
 -3.533635749913626E-006
  3.447247869118340E-006
 -5.773139723019681E-006
  1.500612647260117E-006
 -1.576992754633763E-005
 -1.873317193873884E-005
 -5.580147546128292E-005
 -8.416246592232314E-005
 -7.554453562785180E-004
 -6.164159535834217E-003
 -2.516697980558450E-002
 -3.321881413882232E-002
 -1.146407744771010E-002
 -2.316036769762600E-003
 -7.038040202225390E-004
 -1.105546833039533E-004
 -7.845881129651241E-005
  6.928046490861390E-006
 -1.991513744241907E-005
  9.972778793139233E-006
 -9.394342489337817E-006
  6.945661766044479E-006
 -5.859266600081821E-006
  4.816197891019394E-006
 -4.149080200053557E-006
  3.425149351202878E-006
 -4.104799912658515E-006
  1.802007458369865E-006
 -7.286362684514675E-008
  3.622719355383294E-007
 -1.571518878426283E-007
 -4.921341015624004E-007
  1.195198302002266E-007
 -3.888245953076755E-006
 -2.860041247838328E-006
 -2.436135925545086E-005
 -3.939278186200989E-005
 -1.587111918691357E-004
 -2.839616777000464E-004
 -7.554453562785096E-004
 -8.990752053019102E-004
 -1.290916077591216E-002
 -6.905189355972995E-002
 -8.519471759418799E-002
 -3.122988422349753E-002
 -7.472292287821870E-003
 -2.316036769762604E-003
 -5.414401926982355E-004
 -2.495086280406741E-004
 -2.882829022391035E-005
 -4.466136666490852E-005
  1.056163569214351E-005
 -1.540546977901184E-005
  9.504196383716613E-006
 -8.440902836935675E-006
  6.600110508498872E-006
 -5.723627252029711E-006
  4.265017202138928E-006
 -6.388352600758089E-006
  4.578535592392958E-005
 -3.528757005036262E-005
  4.143574875363048E-005
 -4.761840656782029E-005
  5.307869450541102E-005
 -6.860828450031570E-005
  6.265485581161820E-005
 -1.330333978524351E-004
 -5.981337821537407E-006
 -4.900259341089319E-004
 -7.951946089575172E-004
 -2.862341282882499E-003
 -6.164159535834206E-003
 -1.290916077591217E-002
 -2.055337171500378E-002
 -0.127876836846922     
 -0.254934167513184     
 -0.112609509078304     
 -3.122988422349752E-002
 -1.146407744771004E-002
 -2.874835283170455E-003
 -1.493014995249102E-003
 -1.324110949799519E-004
 -3.086497232835176E-004
  9.665723326988325E-005
 -1.236891019520756E-004
  8.411705179754491E-005
 -7.493755240995992E-005
  6.127571324629472E-005
 -5.360364962207095E-005
  4.440630745798583E-005
 -5.594482300835379E-005
  1.145267139945508E-004
 -1.013279607624157E-004
  1.163111644072390E-004
 -1.363319874242504E-004
  1.527251839683273E-004
 -2.040192367804347E-004
  1.815337290042198E-004
 -4.254975525584654E-004
 -5.685823262412544E-005
 -1.708461026063348E-003
 -2.883490785824372E-003
 -1.093237298312121E-002
 -2.516697980558449E-002
 -6.905189355972999E-002
 -0.127876836846922     
 -0.212414302840963     
 -0.498334888210686     
 -0.254934167513183     
 -8.519471759418785E-002
 -3.321881413882216E-002
 -9.677400901079537E-003
 -4.490263715971271E-003
 -7.206449907218968E-004
 -8.338692651807772E-004
  1.715522844665554E-004
 -2.985699839714135E-004
  1.889866076296803E-004
 -1.757648003651286E-004
  1.426851089809323E-004
 -1.256973577853989E-004
  1.064582144368017E-004
 -1.231751036724099E-004
 -1.231751036726411E-004
  1.064582144365511E-004
 -1.256973577855361E-004
  1.426851089810549E-004
 -1.757648003649346E-004
  1.889866076298753E-004
 -2.985699839713673E-004
  1.715522844666063E-004
 -8.338692651807920E-004
 -7.206449907218783E-004
 -4.490263715971303E-003
 -9.677400901079582E-003
 -3.321881413882236E-002
 -8.519471759418819E-002
 -0.254934167513183     
 -0.498334888210686     
 -0.212414302840963     
 -0.127876836846922     
 -6.905189355972992E-002
 -2.516697980558432E-002
 -1.093237298312114E-002
 -2.883490785824365E-003
 -1.708461026063333E-003
 -5.685823262415399E-005
 -4.254975525584661E-004
  1.815337290041175E-004
 -2.040192367805153E-004
  1.527251839681322E-004
 -1.363319874243632E-004
  1.163111644071379E-004
 -1.013279607623329E-004
  1.145267139945861E-004
 -5.594482300846361E-005
  4.440630745781903E-005
 -5.360364962210801E-005
  6.127571324632456E-005
 -7.493755240980355E-005
  8.411705179758827E-005
 -1.236891019520147E-004
  9.665723326985666E-005
 -3.086497232834803E-004
 -1.324110949799638E-004
 -1.493014995249087E-003
 -2.874835283170486E-003
 -1.146407744771010E-002
 -3.122988422349755E-002
 -0.112609509078304     
 -0.254934167513184     
 -0.127876836846922     
 -2.055337171500391E-002
 -1.290916077591204E-002
 -6.164159535834255E-003
 -2.862341282882458E-003
 -7.951946089574873E-004
 -4.900259341089533E-004
 -5.981337821489726E-006
 -1.330333978525068E-004
  6.265485581164930E-005
 -6.860828450042527E-005
  5.307869450547834E-005
 -4.761840656795861E-005
  4.143574875365138E-005
 -3.528757005049081E-005
  4.578535592395397E-005
 -6.388352600818386E-006
  4.265017202121932E-006
 -5.723627252110896E-006
  6.600110508563834E-006
 -8.440902836947121E-006
  9.504196383766739E-006
 -1.540546977902769E-005
  1.056163569219158E-005
 -4.466136666496037E-005
 -2.882829022388995E-005
 -2.495086280407048E-004
 -5.414401926982311E-004
 -2.316036769762619E-003
 -7.472292287821885E-003
 -3.122988422349757E-002
 -8.519471759418795E-002
 -6.905189355972992E-002
 -1.290916077591204E-002
 -8.990752053023242E-004
 -7.554453562783593E-004
 -2.839616777000498E-004
 -1.587111918691562E-004
 -3.939278186196547E-005
 -2.436135925550120E-005
 -2.860041247779984E-006
 -3.888245953168579E-006
  1.195198303093726E-007
 -4.921341016824781E-007
 -1.571518877330352E-007
  3.622719354122642E-007
 -7.286362676689662E-008
  1.802007458291923E-006
 -4.104799912647722E-006
  3.425149351180738E-006
 -4.149080200019451E-006
  4.816197891005778E-006
 -5.859266600034146E-006
  6.945661766034403E-006
 -9.394342489318727E-006
  9.972778793111337E-006
 -1.991513744235524E-005
  6.928046490836173E-006
 -7.845881129650270E-005
 -1.105546833039704E-004
 -7.038040202225320E-004
 -2.316036769762613E-003
 -1.146407744771007E-002
 -3.321881413882218E-002
 -2.516697980558433E-002
 -6.164159535834236E-003
 -7.554453562783818E-004
 -8.416246592255109E-005
 -5.580147546125573E-005
 -1.873317193865770E-005
 -1.576992754639168E-005
  1.500612647321687E-006
 -5.773139723113588E-006
  3.447247869243002E-006
 -3.533635750060585E-006
  2.916210297672350E-006
 -2.631439000068446E-006
  2.353896536709707E-006
 -2.018765089327246E-006
  2.549274680649498E-006
  5.076480968277455E-007
 -4.939809123297257E-007
  5.208610907093836E-007
 -5.776550458539080E-007
  6.322624146532591E-007
 -7.092340414530764E-007
  7.401341183528334E-007
 -9.138053849810420E-007
  5.470045991951807E-007
 -1.874032403283676E-006
 -4.132026800894187E-006
 -2.023253402124268E-005
 -1.105546833039669E-004
 -5.414401926982356E-004
 -2.874835283170455E-003
 -9.677400901079557E-003
 -1.093237298312115E-002
 -2.862341282882469E-003
 -2.839616777000575E-004
 -5.580147546125049E-005
  1.044091470944054E-005
 -1.088758569247031E-005
  6.683386613528952E-006
 -4.926457445757241E-006
  3.515356555830026E-006
 -2.748534963444203E-006
  2.151074384491767E-006
 -1.749002963988099E-006
  1.444627904612054E-006
 -1.218505985502275E-006
  1.049522448002763E-006
 -1.104247096415106E-006
 -8.681815955796559E-007
  7.692662419989392E-007
 -9.015292150035714E-007
  1.047862821709393E-006
 -1.252390069116260E-006
  1.504318797190277E-006
 -1.910050090821019E-006
  2.290417650109312E-006
 -3.457368181199351E-006
  3.284035690739285E-006
 -9.877894476244757E-006
 -4.132026800862731E-006
 -7.845881129653509E-005
 -2.495086280406685E-004
 -1.493014995249115E-003
 -4.490263715971277E-003
 -2.883490785824379E-003
 -7.951946089574986E-004
 -1.587111918691503E-004
 -1.873317193867149E-005
 -1.088758569242302E-005
  7.518723326774070E-007
 -3.162767545850372E-006
  1.659610723326342E-006
 -1.630363615305379E-006
  1.245449503534887E-006
 -1.076467480578239E-006
  9.044012682172768E-007
 -7.835329132036340E-007
  6.867334255427729E-007
 -6.001513620052230E-007
  6.818292469855017E-007
  4.651431399363172E-007
 -4.147936047380429E-007
  4.753529632844046E-007
 -5.444750763150661E-007
  6.374233676858803E-007
 -7.503924072355733E-007
  9.216407805142972E-007
 -1.085717174423763E-006
  1.517352053183982E-006
 -1.549173774099861E-006
  3.284035690780211E-006
 -1.874032403338317E-006
  6.928046490901210E-006
 -2.882829022393596E-005
 -1.324110949799387E-004
 -7.206449907219018E-004
 -1.708461026063337E-003
 -4.900259341089465E-004
 -3.939278186199013E-005
 -1.576992754634600E-005
  6.683386613486841E-006
 -3.162767545808315E-006
  1.644638406185803E-006
 -1.942629646421131E-006
  1.472543850335236E-006
 -1.144871142597263E-006
  9.388469274362055E-007
 -7.737949100153684E-007
  6.540406128888971E-007
 -5.623665765030463E-007
  4.850985030211216E-007
 -5.387598805825647E-007
 -3.955797671787455E-007
  3.524940510117035E-007
 -4.084235257546574E-007
  4.720251433261323E-007
 -5.585552711217067E-007
  6.667892572847248E-007
 -8.298852612343289E-007
  1.002741425621624E-006
 -1.419411027740242E-006
  1.517352053209363E-006
 -3.457368181263919E-006
  5.470045993107697E-007
 -1.991513744246315E-005
 -4.466136666485692E-005
 -3.086497232835405E-004
 -8.338692651807757E-004
 -5.685823262415012E-005
 -5.981337821507403E-006
 -2.436135925546055E-005
  1.500612647280712E-006
 -4.926457445669949E-006
  1.659610723239845E-006
 -1.942629646408603E-006
  6.375322720669830E-007
 -1.025552919515147E-006
  7.373493244355581E-007
 -6.270983655786639E-007
  5.212285713655095E-007
 -4.455496532564193E-007
  3.865396294327132E-007
 -3.357674522566774E-007
  3.762341736209826E-007
  2.926145469790338E-007
 -2.604405450974165E-007
  3.005638126686807E-007
 -3.461556103775227E-007
  4.077567134425989E-007
 -4.845476068029713E-007
  5.986954527348953E-007
 -7.202201559316349E-007
  1.002741425671437E-006
 -1.085717174503756E-006
  2.290417650239081E-006
 -9.138053851283422E-007
  9.972778793232398E-006
  1.056163569208896E-005
  9.665723326992250E-005
  1.715522844665317E-004
 -4.254975525584766E-004
 -1.330333978524775E-004
 -2.860041247850662E-006
 -5.773139723008011E-006
  3.515356555719589E-006
 -1.630363615193901E-006
  1.472543850210508E-006
 -1.025552919459788E-006
  4.551576293200926E-007
 -6.577841184454705E-007
  5.039052454981206E-007
 -4.251912188422661E-007
  3.606819939547717E-007
 -3.120977973057949E-007
  2.701766576886316E-007
 -3.021173730996350E-007
 -2.389901189053450E-007
  2.127887156199257E-007
 -2.460121490475166E-007
  2.838403583643704E-007
 -3.349483262463096E-007
  3.992488291761137E-007
 -4.939124560501482E-007
  5.986954528022453E-007
 -8.298852613363877E-007
  9.216407806694594E-007
 -1.910050091000713E-006
  7.401341185238472E-007
 -9.394342489469982E-006
 -1.540546977891515E-005
 -1.236891019521209E-004
 -2.985699839714068E-004
  1.815337290041204E-004
  6.265485581160844E-005
 -3.888245953099036E-006
  3.447247869128112E-006
 -2.748534963300655E-006
  1.245449503388836E-006
 -1.144871142435197E-006
  7.373493243286145E-007
 -6.577841183505325E-007
  2.739355603242746E-007
 -4.222768448761165E-007
  3.260334759434481E-007
 -2.824687906150284E-007
  2.442130459795696E-007
 -2.119430029235956E-007
  2.373917592998498E-007
  1.941529307086858E-007
 -1.727896506754218E-007
  1.996426461201631E-007
 -2.302139393093642E-007
  2.714240068045022E-007
 -3.233849596496490E-007
  3.992488292255538E-007
 -4.845476068976701E-007
  6.667892574397674E-007
 -7.503924074154695E-007
  1.504318797387582E-006
 -7.092340416370516E-007
  6.945661766174151E-006
  9.504196383601402E-006
  8.411705179760895E-005
  1.889866076296673E-004
 -2.040192367805489E-004
 -6.860828450038399E-005
  1.195198302238086E-007
 -3.533635749898376E-006
  2.151074384282713E-006
 -1.076467480354530E-006
  9.388469272198592E-007
 -6.270983653812383E-007
  5.039052453548463E-007
 -4.222768447609960E-007
  1.880867862498086E-007
 -2.894079876037351E-007
  2.287453686634037E-007
 -2.013908947903327E-007
  1.742120653666499E-007
 -1.952962522230987E-007
 -1.626775833192532E-007
  1.447711557762937E-007
 -1.673236763024692E-007
  1.930186495812055E-007
 -2.276207135832447E-007
  2.714240068239621E-007
 -3.349483263370464E-007
  4.077567135969186E-007
 -5.585552713009318E-007
  6.374233678966618E-007
 -1.252390069332566E-006
  6.322624148567061E-007
 -5.859266600227659E-006
 -8.440902836824389E-006
 -7.493755241001090E-005
 -1.757648003651620E-004
  1.527251839681393E-004
  5.307869450540578E-005
 -4.921341015652329E-007
  2.916210297524539E-006
 -1.749002963769704E-006
  9.044012679756554E-007
 -7.737949097564560E-007
  5.212285711312273E-007
 -4.251912185793023E-007
  3.260334758323131E-007
 -2.894079875484819E-007
  1.300478964451032E-007
 -2.041962257063044E-007
  1.644620774270242E-007
 -1.449456482269595E-007
  1.621540249231812E-007
  1.380132872762685E-007
 -1.228039172975148E-007
  1.419189629310318E-007
 -1.637105953756173E-007
  1.930186496101167E-007
 -2.302139393883743E-007
  2.838403584572512E-007
 -3.461556104961534E-007
  4.720251435102179E-007
 -5.444750765696876E-007
  1.047862821921989E-006
 -5.776550460791203E-007
  4.816197891188110E-006
  6.600110508398061E-006
  6.127571324636346E-005
  1.426851089808289E-004
 -1.363319874243858E-004
 -4.761840656789451E-005
 -1.571518878203722E-007
 -2.631438999868286E-006
  1.444627904385824E-006
 -7.835329129711662E-007
  6.540406126367842E-007
 -4.455496529641009E-007
  3.606819937286709E-007
 -2.824687904420862E-007
  2.287453685342750E-007
 -2.041962256180099E-007
  9.412061592629112E-008
 -1.499758445149017E-007
  1.209430286948567E-007
 -1.377285030264222E-007
 -1.197161693998765E-007
  1.064117452757263E-007
 -1.230214822021151E-007
  1.419189629686186E-007
 -1.673236763631501E-007
  1.996426462363812E-007
 -2.460121491961437E-007
  3.005638128117803E-007
 -4.084235259458722E-007
  4.753529635030840E-007
 -9.015292152364030E-007
  5.208610908962513E-007
 -4.149080200196044E-006
 -5.723627251892994E-006
 -5.360364962214211E-005
 -1.256973577854816E-004
  1.163111644071129E-004
  4.143574875360745E-005
  3.622719354929994E-007
  2.353896536558076E-006
 -1.218505985257728E-006
  6.867334252731589E-007
 -5.623665762756669E-007
  3.865396291522957E-007
 -3.120977971314481E-007
  2.442130457447495E-007
 -2.013908946271237E-007
  1.644620773567891E-007
 -1.499758444628804E-007
  7.057041639969881E-008
 -1.122554956738318E-007
  1.175082785292535E-007
  1.031367037397912E-007
 -9.221964339637227E-008
  1.064117452788744E-007
 -1.228039173156698E-007
  1.447711558428753E-007
 -1.727896507379191E-007
  2.127887157230297E-007
 -2.604405452427639E-007
  3.524940511699467E-007
 -4.147936048913600E-007
  7.692662422364236E-007
 -4.939809125080375E-007
  3.425149351395849E-006
  4.265017202120731E-006
  4.440630745810896E-005
  1.064582144367350E-004
 -1.013279607623756E-004
 -3.528757005044273E-005
 -7.286362686194381E-008
 -2.018765089201383E-006
  1.049522447859603E-006
 -6.001513618135193E-007
  4.850985028059578E-007
 -3.357674520757920E-007
  2.701766575154650E-007
 -2.119430027034277E-007
  1.742120652359926E-007
 -1.449456481484350E-007
  1.209430286502628E-007
 -1.122554956689860E-007
  5.269484619433167E-008
 -1.083377908458391E-007
 -1.186619908653848E-007
  1.031367037402572E-007
 -1.197161694069046E-007
  1.380132872983992E-007
 -1.626775833397859E-007
  1.941529307883371E-007
 -2.389901189671503E-007
  2.926145471050178E-007
 -3.955797673135896E-007
  4.651431401161342E-007
 -8.681815956727902E-007
  5.076480968985282E-007
 -4.104799912701595E-006
 -6.388352600601365E-006
 -5.594482300829910E-005
 -1.231751036723617E-004
  1.145267139945535E-004
  4.578535592386390E-005
  1.802007458413448E-006
  2.549274680593560E-006
 -1.104247096291216E-006
  6.818292468507122E-007
 -5.387598804567514E-007
  3.762341735141682E-007
 -3.021173729589977E-007
  2.373917591825466E-007
 -1.952962521724487E-007
  1.621540248440626E-007
 -1.377285030014380E-007
  1.175082785071456E-007
 -1.083377908663213E-007
  6.911122270129732E-008
