  1.084767321363813E-006
 -3.583501617298939E-006
  4.819701944561054E-006
 -7.332618241440481E-006
  1.320456882603808E-005
 -9.786156109613750E-006
  2.691940283940157E-004
  8.610260474708291E-004
 -9.985641988235615E-004
 -3.199516060754852E-004
 -1.241481451002231E-006
 -1.535095165294954E-005
  7.157192728401686E-006
 -5.009708770975236E-006
  3.555591184907120E-006
 -3.143448825290489E-006
 -3.583501617297107E-006
  1.383435548200724E-006
 -5.711498969475890E-006
  8.342677720495489E-006
 -1.477288900007225E-005
  1.338271534304510E-005
 -2.970491778532366E-004
 -9.878893540026959E-004
  1.120506252938579E-003
  3.577989325598382E-004
  1.511392546223133E-006
  1.751507186787264E-005
 -8.077146443955706E-006
  5.680986190890430E-006
 -4.029460745398436E-006
  3.555591184897258E-006
  4.819701944557367E-006
 -5.711498969477822E-006
  2.632006122766105E-006
 -1.212122902216559E-005
  1.987302652182510E-005
 -2.076195343421386E-005
  3.897195093582003E-004
  1.252619349055391E-003
 -1.697567509310570E-003
 -5.278042114208921E-004
 -4.599968536526655E-006
 -2.518160253306657E-005
  1.136922391338387E-005
 -8.028434494852105E-006
  5.680986190916603E-006
 -5.009708770978295E-006
 -7.332618241442252E-006
  8.342677720496733E-006
 -1.212122902216839E-005
  6.071870217848278E-006
 -3.145990638910938E-005
  3.370908021169608E-005
 -6.614928038832158E-004
 -2.501942739829913E-003
  1.803541980891111E-003
  6.624984546750580E-004
  6.088885745336903E-006
  3.531852158644984E-005
 -1.585104402168599E-005
  1.136922391338856E-005
 -8.077146443932932E-006
  7.157192728391773E-006
  1.320456882604370E-005
 -1.477288900006911E-005
  1.987302652181776E-005
 -3.145990638910943E-005
  1.491652088825177E-005
 -7.737846548316923E-005
  5.545052252428378E-004
  1.418804442240641E-004
 -8.393862960693320E-003
 -2.201982375151350E-003
 -5.896703886366629E-005
 -8.727112522311810E-005
  3.531852158645673E-005
 -2.518160253307084E-005
  1.751507186786867E-005
 -1.535095165294403E-005
 -9.786156109612737E-006
  1.338271534304499E-005
 -2.076195343421259E-005
  3.370908021169674E-005
 -7.737846548316727E-005
  2.228877895296476E-005
 -3.073093184098959E-003
 -2.149633812763591E-002
 -1.926022549184073E-002
 -3.560099509808893E-003
 -2.443137337831789E-004
 -5.896703886366057E-005
  6.088885745326398E-006
 -4.599968536523379E-006
  1.511392546209778E-006
 -1.241481450996083E-006
  2.691940283940126E-004
 -2.970491778532351E-004
  3.897195093581969E-004
 -6.614928038832152E-004
  5.545052252428225E-004
 -3.073093184098962E-003
  6.741666649750232E-004
 -3.219316266106596E-002
 -0.199274210026646     
 -5.591691285162748E-002
 -3.560099509808813E-003
 -2.201982375151340E-003
  6.624984546751225E-004
 -5.278042114208057E-004
  3.577989325598692E-004
 -3.199516060754823E-004
  8.610260474708158E-004
 -9.878893540026842E-004
  1.252619349055366E-003
 -2.501942739829902E-003
  1.418804442239759E-004
 -2.149633812763601E-002
 -3.219316266106685E-002
 -7.149206546459763E-002
 -0.639036418301205     
 -0.199274210026645     
 -1.926022549184038E-002
 -8.393862960693143E-003
  1.803541980891322E-003
 -1.697567509310384E-003
  1.120506252938623E-003
 -9.985641988235912E-004
 -9.985641988235782E-004
  1.120506252938590E-003
 -1.697567509310599E-003
  1.803541980891124E-003
 -8.393862960693426E-003
 -1.926022549184095E-002
 -0.199274210026649     
 -0.639036418301213     
 -7.149206546459778E-002
 -3.219316266106576E-002
 -2.149633812763576E-002
  1.418804442241900E-004
 -2.501942739829798E-003
  1.252619349055364E-003
 -9.878893540027957E-004
  8.610260474706989E-004
 -3.199516060754897E-004
  3.577989325598404E-004
 -5.278042114208948E-004
  6.624984546750533E-004
 -2.201982375151375E-003
 -3.560099509808937E-003
 -5.591691285162816E-002
 -0.199274210026648     
 -3.219316266106673E-002
  6.741666649749676E-004
 -3.073093184098940E-003
  5.545052252428735E-004
 -6.614928038832136E-004
  3.897195093582024E-004
 -2.970491778532876E-004
  2.691940283939801E-004
 -1.241481451007996E-006
  1.511392546216992E-006
 -4.599968536521519E-006
  6.088885745326222E-006
 -5.896703886365049E-005
 -2.443137337831676E-004
 -3.560099509808847E-003
 -1.926022549184054E-002
 -2.149633812763585E-002
 -3.073093184098949E-003
  2.228877895278699E-005
 -7.737846548315350E-005
  3.370908021171966E-005
 -2.076195343425363E-005
  1.338271534303131E-005
 -9.786156109596706E-006
 -1.535095165294823E-005
  1.751507186787097E-005
 -2.518160253305079E-005
  3.531852158644727E-005
 -8.727112522311240E-005
 -5.896703886364885E-005
 -2.201982375151353E-003
 -8.393862960693218E-003
  1.418804442241180E-004
  5.545052252428442E-004
 -7.737846548316272E-005
  1.491652088806923E-005
 -3.145990638909647E-005
  1.987302652187351E-005
 -1.477288899999870E-005
  1.320456882608634E-005
  7.157192728404914E-006
 -8.077146443940464E-006
  1.136922391338591E-005
 -1.585104402168184E-005
  3.531852158645553E-005
  6.088885745326034E-006
  6.624984546751248E-004
  1.803541980891321E-003
 -2.501942739829773E-003
 -6.614928038832076E-004
  3.370908021172029E-005
 -3.145990638906641E-005
  6.071870217655762E-006
 -1.212122902212281E-005
  8.342677720453715E-006
 -7.332618241491409E-006
 -5.009708770968723E-006
  5.680986190920053E-006
 -8.028434494836391E-006
  1.136922391338812E-005
 -2.518160253307264E-005
 -4.599968536505263E-006
 -5.278042114208238E-004
 -1.697567509310420E-003
  1.252619349055380E-003
  3.897195093581949E-004
 -2.076195343424151E-005
  1.987302652186702E-005
 -1.212122902207990E-005
  2.632006122769145E-006
 -5.711498969537122E-006
  4.819701944575355E-006
  3.555591184905882E-006
 -4.029460745381523E-006
  5.680986190905474E-006
 -8.077146443928755E-006
  1.751507186788080E-005
  1.511392546241284E-006
  3.577989325599127E-004
  1.120506252938746E-003
 -9.878893540027627E-004
 -2.970491778532793E-004
  1.338271534306023E-005
 -1.477288900001537E-005
  8.342677720427374E-006
 -5.711498969529083E-006
  1.383435548424449E-006
 -3.583501617298970E-006
 -3.143448825395465E-006
  3.555591185052797E-006
 -5.009708771059401E-006
  7.157192728496160E-006
 -1.535095165291456E-005
 -1.241481450926315E-006
 -3.199516060754928E-004
 -9.985641988235995E-004
  8.610260474707529E-004
  2.691940283939992E-004
 -9.786156109578852E-006
  1.320456882603472E-005
 -7.332618241488022E-006
  4.819701944585572E-006
 -3.583501617339042E-006
  1.084767321486093E-006
