 -1.307327492833193E-006
  2.271056683533573E-006
 -3.188655903669547E-006
  4.877784411552538E-006
 -8.678882239616393E-006
  6.890533938434263E-006
 -1.716184721853769E-004
 -5.254106885761466E-004
  7.023090944857080E-004
  2.335318815842695E-004
  4.937236204557500E-006
  1.088236411468639E-005
 -4.718740712729285E-006
  3.366957985702048E-006
 -2.380816285446003E-006
  2.109127406251984E-006
  2.271056683545049E-006
 -1.693944472606668E-006
  3.609212318536169E-006
 -5.564855962435776E-006
  9.628186971163874E-006
 -1.004388400889489E-005
  1.858970263746560E-004
  6.042243178783678E-004
 -7.870665126227881E-004
 -2.603164559351746E-004
 -5.600732896419913E-006
 -1.241172088383689E-005
  5.315590824268181E-006
 -3.815492399778800E-006
  2.695916870732068E-006
 -2.380816285443376E-006
 -3.188655903669872E-006
  3.609212318546238E-006
 -3.219588134555796E-006
  7.690184595834104E-006
 -1.273066928485213E-005
  1.664094511185718E-005
 -2.303972165121138E-004
 -7.114429976518304E-004
  1.236028660347780E-003
  3.947408900563002E-004
  1.084372252978242E-005
  1.809173754955608E-005
 -7.502225101612159E-006
  5.419131714040302E-006
 -3.815492399769343E-006
  3.366957985701412E-006
  4.877784411561767E-006
 -5.564855962455425E-006
  7.690184595822627E-006
 -7.680628117134430E-006
  1.942694416965424E-005
 -2.661181949513517E-005
  4.285166227163528E-004
  1.682664799375101E-003
 -1.128036507461838E-003
 -4.512820099244671E-004
 -1.164287974783714E-005
 -2.441711246848534E-005
  1.019693185673898E-005
 -7.502225101596725E-006
  5.315590824260016E-006
 -4.718740712725976E-006
 -8.678882239616176E-006
  9.628186971156892E-006
 -1.273066928483968E-005
  1.942694416968065E-005
 -1.579633682394376E-005
  7.113732517008221E-005
 -4.837223314310875E-005
  1.454381530536520E-003
  7.277307991273205E-003
  1.944507968423163E-003
  9.666095496049169E-005
  7.047517563135231E-005
 -2.441711246848317E-005
  1.809173754956448E-005
 -1.241172088383283E-005
  1.088236411468235E-005
  6.890533938433242E-006
 -1.004388400889499E-005
  1.664094511185799E-005
 -2.661181949513094E-005
  7.113732517006273E-005
 -5.569894190626953E-005
  2.619399030513167E-003
  2.058441066475833E-002
  2.117995902117942E-002
  4.555504156179978E-003
  3.810006632167135E-004
  9.666095496049229E-005
 -1.164287974782658E-005
  1.084372252979389E-005
 -5.600732896427217E-006
  4.937236204550277E-006
 -1.716184721853772E-004
  1.858970263746565E-004
 -2.303972165121117E-004
  4.285166227163512E-004
 -4.837223314311919E-005
  2.619399030513169E-003
  4.783906840892603E-003
  6.632465504021080E-002
  0.186760916079301     
  5.321783795883739E-002
  4.555504156179924E-003
  1.944507968423167E-003
 -4.512820099244532E-004
  3.947408900562873E-004
 -2.603164559352018E-004
  2.335318815842614E-004
 -5.254106885761516E-004
  6.042243178783723E-004
 -7.114429976518413E-004
  1.682664799375106E-003
  1.454381530536480E-003
  2.058441066475827E-002
  6.632465504021036E-002
  0.221854060798127     
  0.606162893667573     
  0.186760916079301     
  2.117995902117931E-002
  7.277307991273197E-003
 -1.128036507461818E-003
  1.236028660347686E-003
 -7.870665126229708E-004
  7.023090944855691E-004
  7.023090944857029E-004
 -7.870665126227810E-004
  1.236028660347768E-003
 -1.128036507461829E-003
  7.277307991273151E-003
  2.117995902117930E-002
  0.186760916079300     
  0.606162893667570     
  0.221854060798128     
  6.632465504021122E-002
  2.058441066475841E-002
  1.454381530536556E-003
  1.682664799375008E-003
 -7.114429976520400E-004
  6.042243178780948E-004
 -5.254106885763589E-004
  2.335318815842697E-004
 -2.603164559351711E-004
  3.947408900562999E-004
 -4.512820099244636E-004
  1.944507968423152E-003
  4.555504156179944E-003
  5.321783795883707E-002
  0.186760916079300     
  6.632465504021078E-002
  4.783906840892626E-003
  2.619399030513248E-003
 -4.837223314315258E-005
  4.285166227163292E-004
 -2.303972165121232E-004
  1.858970263745750E-004
 -1.716184721854000E-004
  4.937236204558311E-006
 -5.600732896419183E-006
  1.084372252978508E-005
 -1.164287974783735E-005
  9.666095496048849E-005
  3.810006632167134E-004
  4.555504156179902E-003
  2.117995902117917E-002
  2.058441066475832E-002
  2.619399030513221E-003
 -5.569894190656092E-005
  7.113732517017721E-005
 -2.661181949516550E-005
  1.664094511176868E-005
 -1.004388400884526E-005
  6.890533938379861E-006
  1.088236411468964E-005
 -1.241172088383672E-005
  1.809173754955782E-005
 -2.441711246848264E-005
  7.047517563135323E-005
  9.666095496049164E-005
  1.944507968423161E-003
  7.277307991273118E-003
  1.454381530536502E-003
 -4.837223314316254E-005
  7.113732517018241E-005
 -1.579633682439787E-005
  1.942694416971967E-005
 -1.273066928481505E-005
  9.628186971055222E-006
 -8.678882239596181E-006
 -4.718740712726117E-006
  5.315590824267855E-006
 -7.502225101610265E-006
  1.019693185673698E-005
 -2.441711246848674E-005
 -1.164287974782945E-005
 -4.512820099244374E-004
 -1.128036507461775E-003
  1.682664799375007E-003
  4.285166227163166E-004
 -2.661181949517676E-005
  1.942694416968156E-005
 -7.680628116951805E-006
  7.690184595562041E-006
 -5.564855962239501E-006
  4.877784411552888E-006
  3.366957985696777E-006
 -3.815492399774415E-006
  5.419131714037812E-006
 -7.502225101602218E-006
  1.809173754955755E-005
  1.084372252978448E-005
  3.947408900563166E-004
  1.236028660347772E-003
 -7.114429976520277E-004
 -2.303972165121324E-004
  1.664094511182671E-005
 -1.273066928474749E-005
  7.690184595575028E-006
 -3.219588133891187E-006
  3.609212318251886E-006
 -3.188655903602314E-006
 -2.380816285445959E-006
  2.695916870739789E-006
 -3.815492399753197E-006
  5.315590824241368E-006
 -1.241172088382433E-005
 -5.600732896413512E-006
 -2.603164559352084E-004
 -7.870665126228541E-004
  6.042243178781253E-004
  1.858970263746198E-004
 -1.004388400879552E-005
  9.628186971040389E-006
 -5.564855962240852E-006
  3.609212318281327E-006
 -1.693944471908545E-006
  2.271056683491471E-006
  2.109127406233654E-006
 -2.380816285468202E-006
  3.366957985813057E-006
 -4.718740712789243E-006
  1.088236411467703E-005
  4.937236204481739E-006
  2.335318815842975E-004
  7.023090944856057E-004
 -5.254106885763934E-004
 -1.716184721853569E-004
  6.890533938423271E-006
 -8.678882239603034E-006
  4.877784411545846E-006
 -3.188655903586719E-006
  2.271056683501863E-006
 -1.307327493177854E-006
