  4.943463515702118E-008
 -1.644499731480637E-007
  1.637986468480084E-007
 -1.946316374942059E-007
  2.261408975073460E-007
 -2.774523508630478E-007
  3.255194900766199E-007
 -4.405367929826545E-007
  4.931958760136451E-007
 -8.230468335418997E-007
  8.508141136397753E-007
 -1.642251383832975E-006
  3.892406209087223E-006
  4.763537982575950E-006
  7.017421060675280E-005
  1.676729573926981E-004
 -1.693245738807200E-004
 -8.110609502649106E-005
 -1.132152131646370E-005
 -6.834437699902196E-006
  2.158227306526939E-007
 -1.438769555372929E-006
  5.486862738999098E-007
 -5.988113058957897E-007
  3.892659423915064E-007
 -3.430859143423486E-007
  2.679379555221674E-007
 -2.292492955574933E-007
  1.924729875644625E-007
 -1.680218676475018E-007
  1.435384346562307E-007
 -1.683897413052583E-007
 -1.644499731451970E-007
  3.460537458171328E-008
 -1.675773895156498E-007
  1.652348298001131E-007
 -1.993024867668303E-007
  2.433819019005221E-007
 -2.851101673941322E-007
  3.887564876701005E-007
 -4.295746411449505E-007
  7.360898841652955E-007
 -7.183908487614999E-007
  1.574297283317295E-006
 -2.969737955526863E-006
 -1.929228526565710E-006
 -5.424849395758440E-005
 -1.489683046552526E-004
  1.387191015277031E-004
  6.170280709702195E-005
  7.588824458417594E-006
  5.594910779127000E-006
 -2.404996624703444E-007
  1.258692867780639E-006
 -4.740550330946015E-007
  5.256001987247211E-007
 -3.382622228816138E-007
  2.999849964353353E-007
 -2.334997319958395E-007
  2.001126475479848E-007
 -1.678710924119289E-007
  1.464364991864767E-007
 -1.259241909134688E-007
  1.435384346599127E-007
  1.637986468430508E-007
 -1.675773895068659E-007
  4.712904624755088E-008
 -2.258147276450482E-007
  2.229154974664268E-007
 -2.836610402285299E-007
  3.283834860274262E-007
 -4.516211865458586E-007
  4.916203715672693E-007
 -8.608324671813187E-007
  8.064022452263165E-007
 -1.852299056619119E-006
  3.376948777414836E-006
  2.246441454946705E-006
  6.077009759709133E-005
  1.592070227583716E-004
 -1.783477376584085E-004
 -7.895180315953759E-005
 -1.063218294435016E-005
 -6.953459460526335E-006
  1.747287420261557E-007
 -1.503479032604364E-006
  5.416675887026284E-007
 -6.181581918690468E-007
  3.927507113637981E-007
 -3.506865314224252E-007
  2.719465424116954E-007
 -2.334282113274759E-007
  1.956008723003749E-007
 -1.707335430713675E-007
  1.464364991812318E-007
 -1.680218676460346E-007
 -1.946316374802070E-007
  1.652348297935854E-007
 -2.258147276384931E-007
  6.339385910559437E-008
 -3.052986885537210E-007
  3.194844659154980E-007
 -3.833368309139208E-007
  5.275467478123423E-007
 -5.678222113550064E-007
  1.018398163105128E-006
 -9.175891257129842E-007
  2.221456923913421E-006
 -4.006995734232496E-006
 -3.554809980812849E-006
 -7.937721178620006E-005
 -2.211638885468211E-004
  1.672652909393216E-004
  8.027628254439191E-005
  1.080442177747427E-005
  7.782011908719603E-006
 -1.465479439589766E-007
  1.739724093517792E-006
 -6.002949244826323E-007
  7.113299443549668E-007
 -4.452353030045936E-007
  4.018147327027719E-007
 -3.104246213953568E-007
  2.672929337846922E-007
 -2.238630598685444E-007
  1.956008723191417E-007
 -1.678710924414032E-007
  1.924729875746171E-007
  2.261408974904210E-007
 -1.993024867308406E-007
  2.229154974396966E-007
 -3.052986885468042E-007
  8.494175996942681E-008
 -4.388441298714839E-007
  4.258981536418083E-007
 -6.177314372036216E-007
  6.425307346165002E-007
 -1.197262830085559E-006
  9.815763935119457E-007
 -2.742443321900854E-006
  3.709061967683594E-006
 -4.654573444360093E-008
  6.675052167204212E-005
  1.681981662178016E-004
 -2.895469998093955E-004
 -1.213555862035473E-004
 -1.707694830880610E-005
 -1.021501729826913E-005
  4.386183296179743E-008
 -2.150133534853441E-006
  7.109173504334914E-007
 -8.631128950603569E-007
  5.323990682797903E-007
 -4.830701848855229E-007
  3.712114418335505E-007
 -3.198302069992328E-007
  2.672929337877719E-007
 -2.334282113507119E-007
  2.001126475702932E-007
 -2.292492955878737E-007
 -2.774523508598306E-007
  2.433819018614005E-007
 -2.836610401967267E-007
  3.194844658859222E-007
 -4.388441298549378E-007
  1.304955392489673E-007
 -6.233810392488418E-007
  7.496314988249242E-007
 -8.035254681225287E-007
  1.519360318757243E-006
 -1.242121211002883E-006
  3.404305351996401E-006
 -6.032181327628071E-006
 -8.296625624610311E-006
 -1.410080325241356E-004
 -4.255454410096562E-004
  1.209822528330370E-004
  8.254854322706935E-005
  1.162863222252093E-005
  1.049276692236304E-005
  3.433788543687657E-008
  2.493987195980572E-006
 -7.635357242676308E-007
  1.001538811137902E-006
 -6.029924592504206E-007
  5.591887146766498E-007
 -4.277735478674329E-007
  3.712114418684197E-007
 -3.104246214433502E-007
  2.719465424857325E-007
 -2.334997320500463E-007
  2.679379555613440E-007
  3.255194900616295E-007
 -2.851101673731086E-007
  3.283834859927015E-007
 -3.833368308928035E-007
  4.258981536441234E-007
 -6.233810392369449E-007
  1.652164153585176E-007
 -1.024028414379309E-006
  8.258461071776164E-007
 -1.775027536499240E-006
  1.107628783756932E-006
 -4.478363638004780E-006
  2.317755768366337E-006
 -1.275038611635088E-005
  1.930595766629683E-005
 -2.163284664909498E-005
 -6.923858062911658E-004
 -2.561279396324817E-004
 -3.803459588607170E-005
 -1.818842931045792E-005
 -4.001936470693349E-007
 -3.480435710997562E-006
  1.034473157742841E-006
 -1.344424447801740E-006
  7.994991334285070E-007
 -7.370571915939836E-007
  5.591887146916897E-007
 -4.830701849564324E-007
  4.018147327798263E-007
 -3.506865315164189E-007
  2.999849965075395E-007
 -3.430859143909297E-007
 -4.405367929740546E-007
  3.887564876440488E-007
 -4.516211865194979E-007
  5.275467478040906E-007
 -6.177314371871324E-007
  7.496314988186451E-007
 -1.024028414377244E-006
  3.531409063056125E-007
 -1.448743136006925E-006
  2.562228400977620E-006
 -1.983165321157057E-006
  5.794821855881629E-006
 -1.296833943734130E-005
 -3.435126428747766E-005
 -3.818013682660432E-004
 -1.272833999826666E-003
 -4.479821399680331E-004
 -4.975026721428200E-005
 -6.594870011629782E-006
  1.135525558476712E-005
  4.459689371743592E-007
  3.639230011523180E-006
 -8.827327183030126E-007
  1.448375969581996E-006
 -8.145566060804516E-007
  7.994991334754722E-007
 -6.029924593016854E-007
  5.323990683565506E-007
 -4.452353030974755E-007
  3.927507114619649E-007
 -3.382622229775948E-007
  3.892659424498161E-007
  4.931958759953470E-007
 -4.295746411348571E-007
  4.916203715128688E-007
 -5.678222113499824E-007
  6.425307346181970E-007
 -8.035254681321222E-007
  8.258461071906904E-007
 -1.448743136017318E-006
  2.556051184891714E-007
 -3.215524971421484E-006
  4.833311685696929E-007
 -8.317709779945008E-006
 -9.550223320360426E-006
 -8.033922468475835E-005
 -3.712478682356014E-004
 -1.462127411074557E-003
 -2.563975047071800E-003
 -8.321201118246475E-004
 -1.280535890452707E-004
 -4.501577876904316E-005
 -2.129844976557268E-006
 -6.999236481819516E-006
  1.860246003317757E-006
 -2.535455896695596E-006
  1.448375969632544E-006
 -1.344424447832968E-006
  1.001538811207161E-006
 -8.631128951792565E-007
  7.113299444708074E-007
 -6.181581919764498E-007
  5.256001988335367E-007
 -5.988113059648211E-007
 -8.230468335289918E-007
  7.360898841606705E-007
 -8.608324671954121E-007
  1.018398163107646E-006
 -1.197262830105572E-006
  1.519360318770687E-006
 -1.775027536554630E-006
  2.562228400997498E-006
 -3.215524971438602E-006
  1.596380151071566E-006
 -4.258512724464170E-006
  1.217268772811744E-005
 -4.131912349383757E-005
 -1.684497801953754E-004
 -1.502514281369581E-003
 -5.372577640986914E-003
 -4.058889499012720E-003
 -1.024846667620686E-003
 -1.515992369167184E-004
 -1.069991775212454E-005
  5.174282521441691E-007
  4.338334058820903E-006
 -3.918603280828367E-007
  1.860246003352362E-006
 -8.827327183366783E-007
  1.034473157815856E-006
 -7.635357243612861E-007
  7.109173505260669E-007
 -6.002949246283461E-007
  5.416675888294350E-007
 -4.740550332064170E-007
  5.486862739639333E-007
  8.508141136519143E-007
 -7.183908487845153E-007
  8.064022452220907E-007
 -9.175891257447859E-007
  9.815763935590490E-007
 -1.242121211053267E-006
  1.107628783792028E-006
 -1.983165321217376E-006
  4.833311686063113E-007
 -4.258512724484199E-006
 -1.239845293618237E-006
 -1.957630580833724E-005
 -6.508891405726591E-005
 -3.918904139424183E-004
 -2.528741990658427E-003
 -9.569074095469957E-003
 -1.200308578886706E-002
 -3.703799528248652E-003
 -5.982237420215507E-004
 -1.738829230919571E-004
 -1.422030163216860E-005
 -2.169347539922560E-005
  4.338334058838497E-006
 -6.999236481831793E-006
  3.639230011595731E-006
 -3.480435711076348E-006
  2.493987196111762E-006
 -2.150133534966272E-006
  1.739724093631787E-006
 -1.503479032726772E-006
  1.258692867888439E-006
 -1.438769555448987E-006
 -1.642251383834836E-006
  1.574297283324285E-006
 -1.852299056632346E-006
  2.221456923931325E-006
 -2.742443321931536E-006
  3.404305352074233E-006
 -4.478363638042765E-006
  5.794821855909596E-006
 -8.317709779959145E-006
  1.217268772813991E-005
 -1.957630580836299E-005
  1.085166112169535E-005
 -1.048535532728573E-004
 -6.657527597652270E-004
 -6.410408484397649E-003
 -2.486943915014648E-002
 -2.374402543237755E-002
 -6.852761937621396E-003
 -1.149405784585596E-003
 -2.454840350372044E-004
 -2.919380088970503E-005
 -1.422030163214053E-005
  5.174282521391563E-007
 -2.129844976548035E-006
  4.459689371246598E-007
 -4.001936469968205E-007
  3.433788536209206E-008
  4.386183308012081E-008
 -1.465479440962069E-007
  1.747287421459398E-007
 -2.404996625786218E-007
  2.158227307101150E-007
  3.892406209089235E-006
 -2.969737955535661E-006
  3.376948777458802E-006
 -4.006995734273400E-006
  3.709061967730112E-006
 -6.032181327678583E-006
  2.317755768426685E-006
 -1.296833943737559E-005
 -9.550223320317151E-006
 -4.131912349387306E-005
 -6.508891405725070E-005
 -1.048535532728555E-004
 -7.052942467451519E-005
 -1.118463929974449E-003
 -1.080582049324736E-002
 -4.622275040635482E-002
 -5.929916205743863E-002
 -1.970546371324895E-002
 -3.885974018034382E-003
 -1.249696713082562E-003
 -2.454840350372074E-004
 -1.738829230919796E-004
 -1.069991775211145E-005
 -4.501577876905647E-005
  1.135525558481072E-005
 -1.818842931053519E-005
  1.049276692242599E-005
 -1.021501729836765E-005
  7.782011908835247E-006
 -6.953459460642221E-006
  5.594910779203026E-006
 -6.834437699968007E-006
  4.763537982568311E-006
 -1.929228526532915E-006
  2.246441454913862E-006
 -3.554809980773272E-006
 -4.654573450172445E-008
 -8.296625624564459E-006
 -1.275038611639948E-005
 -3.435126428742607E-005
 -8.033922468479189E-005
 -1.684497801953288E-004
 -3.918904139424251E-004
 -6.657527597651854E-004
 -1.118463929974405E-003
 -5.214995411983098E-004
 -1.643920896678135E-002
 -9.567183585881144E-002
 -0.122699636187977     
 -4.476983650251667E-002
 -1.103490391301611E-002
 -3.885974018034376E-003
 -1.149405784585600E-003
 -5.982237420215390E-004
 -1.515992369167194E-004
 -1.280535890452566E-004
 -6.594870011684304E-006
 -3.803459588602504E-005
  1.162863222241700E-005
 -1.707694830877296E-005
  1.080442177732956E-005
 -1.063218294430639E-005
  7.588824458328401E-006
 -1.132152131641810E-005
  7.017421060677048E-005
 -5.424849395760399E-005
  6.077009759711983E-005
 -7.937721178623194E-005
  6.675052167206358E-005
 -1.410080325241690E-004
  1.930595766633840E-005
 -3.818013682660696E-004
 -3.712478682355384E-004
 -1.502514281369560E-003
 -2.528741990658256E-003
 -6.410408484397345E-003
 -1.080582049324675E-002
 -1.643920896678054E-002
 -7.243237336417644E-003
 -0.107555064970282     
 -0.290474688545519     
 -0.139555316010321     
 -4.476983650251670E-002
 -1.970546371324890E-002
 -6.852761937621382E-003
 -3.703799528248635E-003
 -1.024846667620652E-003
 -8.321201118246612E-004
 -4.975026721425875E-005
 -2.561279396326418E-004
  8.254854322693118E-005
 -1.213555862038549E-004
  8.027628254418643E-005
 -7.895180315978154E-005
  6.170280709698994E-005
 -8.110609502656190E-005
  1.676729573926946E-004
 -1.489683046552479E-004
  1.592070227583619E-004
 -2.211638885468167E-004
  1.681981662177827E-004
 -4.255454410096353E-004
 -2.163284664906647E-005
 -1.272833999826612E-003
 -1.462127411074447E-003
 -5.372577640986669E-003
 -9.569074095469358E-003
 -2.486943915014532E-002
 -4.622275040635222E-002
 -9.567183585880690E-002
 -0.107555064970276     
 -7.043805261620634E-002
 -0.463686551350440     
 -0.290474688545518     
 -0.122699636187977     
 -5.929916205743856E-002
 -2.374402543237754E-002
 -1.200308578886702E-002
 -4.058889499012678E-003
 -2.563975047071748E-003
 -4.479821399681470E-004
 -6.923858062914824E-004
  1.209822528324105E-004
 -2.895469998101924E-004
  1.672652909383731E-004
 -1.783477376590905E-004
  1.387191015272703E-004
 -1.693245738808278E-004
 -1.693245738807036E-004
  1.387191015276862E-004
 -1.783477376583829E-004
  1.672652909392917E-004
 -2.895469998093699E-004
  1.209822528330035E-004
 -6.923858062911041E-004
 -4.479821399680250E-004
 -2.563975047071650E-003
 -4.058889499012517E-003
 -1.200308578886641E-002
 -2.374402543237631E-002
 -5.929916205743563E-002
 -0.122699636187971     
 -0.290474688545504     
 -0.463686551350420     
 -7.043805261620617E-002
 -0.107555064970282     
 -9.567183585881128E-002
 -4.622275040635469E-002
 -2.486943915014643E-002
 -9.569074095469917E-003
 -5.372577640986845E-003
 -1.462127411074551E-003
 -1.272833999826738E-003
 -2.163284664946983E-005
 -4.255454410102045E-004
  1.681981662169036E-004
 -2.211638885476642E-004
  1.592070227576040E-004
 -1.489683046556618E-004
  1.676729573924580E-004
 -8.110609502650716E-005
  6.170280709705417E-005
 -7.895180315956941E-005
  8.027628254443090E-005
 -1.213555862035850E-004
  8.254854322710866E-005
 -2.561279396325159E-004
 -4.975026721423834E-005
 -8.321201118246387E-004
 -1.024846667620606E-003
 -3.703799528248470E-003
 -6.852761937621035E-003
 -1.970546371324798E-002
 -4.476983650251440E-002
 -0.139555316010315     
 -0.290474688545504     
 -0.107555064970275     
 -7.243237336417282E-003
 -1.643920896678138E-002
 -1.080582049324734E-002
 -6.410408484397670E-003
 -2.528741990658387E-003
 -1.502514281369609E-003
 -3.712478682355744E-004
 -3.818013682661350E-004
  1.930595766625859E-005
 -1.410080325243483E-004
  6.675052167189138E-005
 -7.937721178649067E-005
  6.077009759696696E-005
 -5.424849395779041E-005
  7.017421060672020E-005
 -1.132152131643313E-005
  7.588824458384891E-006
 -1.063218294430852E-005
  1.080442177741584E-005
 -1.707694830874083E-005
  1.162863222243770E-005
 -3.803459588601673E-005
 -6.594870011681984E-006
 -1.280535890452300E-004
 -1.515992369167293E-004
 -5.982237420214994E-004
 -1.149405784585554E-003
 -3.885974018034200E-003
 -1.103490391301556E-002
 -4.476983650251447E-002
 -0.122699636187971     
 -9.567183585880693E-002
 -1.643920896678057E-002
 -5.214995411982548E-004
 -1.118463929974478E-003
 -6.657527597651959E-004
 -3.918904139424515E-004
 -1.684497801953445E-004
 -8.033922468480417E-005
 -3.435126428740454E-005
 -1.275038611644660E-005
 -8.296625624577356E-006
 -4.654573459907975E-008
 -3.554809980718827E-006
  2.246441454846686E-006
 -1.929228526506042E-006
  4.763537982516196E-006
 -6.834437699940137E-006
  5.594910779179724E-006
 -6.953459460581828E-006
  7.782011908791874E-006
 -1.021501729833254E-005
  1.049276692240636E-005
 -1.818842931054449E-005
  1.135525558481666E-005
 -4.501577876907810E-005
 -1.069991775210506E-005
 -1.738829230919609E-004
 -2.454840350371903E-004
 -1.249696713082488E-003
 -3.885974018034186E-003
 -1.970546371324796E-002
 -5.929916205743557E-002
 -4.622275040635225E-002
 -1.080582049324674E-002
 -1.118463929974434E-003
 -7.052942467425772E-005
 -1.048535532728910E-004
 -6.508891405723673E-005
 -4.131912349387068E-005
 -9.550223320287662E-006
 -1.296833943742474E-005
  2.317755768413202E-006
 -6.032181327681035E-006
  3.709061967816634E-006
 -4.006995734341261E-006
  3.376948777522656E-006
 -2.969737955616539E-006
  3.892406209132547E-006
  2.158227306844787E-007
 -2.404996625256921E-007
  1.747287420990293E-007
 -1.465479440205106E-007
  4.386183305122739E-008
  3.433788538064922E-008
 -4.001936470256422E-007
  4.459689371304365E-007
 -2.129844976540188E-006
  5.174282521312770E-007
 -1.422030163215988E-005
 -2.919380088971177E-005
 -2.454840350372060E-004
 -1.149405784585525E-003
 -6.852761937621037E-003
 -2.374402543237630E-002
 -2.486943915014529E-002
 -6.410408484397366E-003
 -6.657527597651533E-004
 -1.048535532728845E-004
  1.085166112172892E-005
 -1.957630580836814E-005
  1.217268772818401E-005
 -8.317709779999906E-006
  5.794821855980143E-006
 -4.478363638017045E-006
  3.404305352154081E-006
 -2.742443322009866E-006
  2.221456924014914E-006
 -1.852299056736294E-006
  1.574297283394255E-006
 -1.642251383892385E-006
 -1.438769555408188E-006
  1.258692867816686E-006
 -1.503479032673009E-006
  1.739724093596130E-006
 -2.150133534905885E-006
  2.493987196055819E-006
 -3.480435711051548E-006
  3.639230011556388E-006
 -6.999236481828359E-006
  4.338334058819277E-006
 -2.169347539922359E-005
 -1.422030163217730E-005
 -1.738829230919521E-004
 -5.982237420215114E-004
 -3.703799528248429E-003
 -1.200308578886641E-002
 -9.569074095469336E-003
 -2.528741990658248E-003
 -3.918904139424415E-004
 -6.508891405722326E-005
 -1.957630580837264E-005
 -1.239845293823063E-006
 -4.258512724522446E-006
  4.833311686356987E-007
 -1.983165321209327E-006
  1.107628783872040E-006
 -1.242121211057180E-006
  9.815763936923083E-007
 -9.175891258512609E-007
  8.064022453250010E-007
 -7.183908488935275E-007
  8.508141136963240E-007
  5.486862739109627E-007
 -4.740550331397582E-007
  5.416675887503189E-007
 -6.002949245225468E-007
  7.109173504783833E-007
 -7.635357243094789E-007
  1.034473157752657E-006
 -8.827327183286987E-007
  1.860246003310040E-006
 -3.918603280777740E-007
  4.338334058807832E-006
  5.174282521772189E-007
 -1.069991775215075E-005
 -1.515992369166930E-004
 -1.024846667620614E-003
 -4.058889499012461E-003
 -5.372577640986673E-003
 -1.502514281369568E-003
 -1.684497801953403E-004
 -4.131912349389289E-005
  1.217268772815365E-005
 -4.258512724503640E-006
  1.596380151387598E-006
 -3.215524971475183E-006
  2.562228401040078E-006
 -1.775027536578347E-006
  1.519360318833616E-006
 -1.197262830268191E-006
  1.018398163234599E-006
 -8.608324672727298E-007
  7.360898843133334E-007
 -8.230468336043527E-007
 -5.988113059031541E-007
  5.256001987614302E-007
 -6.181581918880169E-007
  7.113299443828590E-007
 -8.631128950663357E-007
  1.001538811150481E-006
 -1.344424447791748E-006
  1.448375969561496E-006
 -2.535455896667604E-006
  1.860246003289333E-006
 -6.999236481771914E-006
 -2.129844976587548E-006
 -4.501577876900328E-005
 -1.280535890452593E-004
 -8.321201118245869E-004
 -2.563975047071675E-003
 -1.462127411074466E-003
 -3.712478682355851E-004
 -8.033922468481211E-005
 -9.550223320348216E-006
 -8.317709779991739E-006
  4.833311686487146E-007
 -3.215524971496924E-006
  2.556051184991815E-007
 -1.448743136089175E-006
  8.258461072637985E-007
 -8.035254682604076E-007
  6.425307348048827E-007
 -5.678222114886613E-007
  4.916203717273103E-007
 -4.295746412841739E-007
  4.931958760972395E-007
  3.892659423966291E-007
 -3.382622228850479E-007
  3.927507113507239E-007
 -4.452353029866031E-007
  5.323990682726452E-007
 -6.029924592079422E-007
  7.994991334007815E-007
 -8.145566060264108E-007
  1.448375969527318E-006
 -8.827327182569003E-007
  3.639230011487016E-006
  4.459689372092159E-007
  1.135525558474304E-005
 -6.594870011612314E-006
 -4.975026721429262E-005
 -4.479821399681309E-004
 -1.272833999826749E-003
 -3.818013682660971E-004
 -3.435126428739388E-005
 -1.296833943744426E-005
  5.794821855941415E-006
 -1.983165321236391E-006
  2.562228401024850E-006
 -1.448743136079273E-006
  3.531409062258675E-007
 -1.024028414498071E-006
  7.496314989642078E-007
 -6.177314373204959E-007
  5.275467479070893E-007
 -4.516211866985083E-007
  3.887564877712648E-007
 -4.405367930593287E-007
 -3.430859143279816E-007
  2.999849963913298E-007
 -3.506865313936944E-007
  4.018147326447132E-007
 -4.830701848211173E-007
  5.591887146244789E-007
 -7.370571915034876E-007
  7.994991333547942E-007
 -1.344424447739457E-006
  1.034473157692851E-006
 -3.480435710965406E-006
 -4.001936471125704E-007
 -1.818842931043813E-005
 -3.803459588609835E-005
 -2.561279396325786E-004
 -6.923858062914592E-004
 -2.163284664939458E-005
  1.930595766627169E-005
 -1.275038611639355E-005
  2.317755768462037E-006
 -4.478363638004719E-006
  1.107628783839232E-006
 -1.775027536582602E-006
  8.258461072378519E-007
 -1.024028414500087E-006
  1.652164152079235E-007
 -6.233810392701648E-007
  4.258981536761985E-007
 -3.833368309442148E-007
  3.283834861308526E-007
 -2.851101674505978E-007
  3.255194901326026E-007
  2.679379555015055E-007
 -2.334997319686560E-007
  2.719465423645915E-007
 -3.104246213206799E-007
  3.712114417759797E-007
 -4.277735477405007E-007
  5.591887145745778E-007
 -6.029924591731356E-007
  1.001538811066553E-006
 -7.635357242202533E-007
  2.493987195952393E-006
  3.433788548807363E-008
  1.049276692231180E-005
  1.162863222251718E-005
  8.254854322685020E-005
  1.209822528323821E-004
 -4.255454410101865E-004
 -1.410080325242651E-004
 -8.296625624563319E-006
 -6.032181327650519E-006
  3.404305352091499E-006
 -1.242121211058538E-006
  1.519360318868940E-006
 -8.035254682610962E-007
  7.496314989339422E-007
 -6.233810392627489E-007
  1.304955393958165E-007
 -4.388441299424961E-007
  3.194844660363440E-007
 -2.836610404197474E-007
  2.433819018083594E-007
 -2.774523510772787E-007
 -2.292492955235014E-007
  2.001126474704644E-007
 -2.334282112351600E-007
  2.672929336848559E-007
 -3.198302068660850E-007
  3.712114417518131E-007
 -4.830701847993826E-007
  5.323990681969350E-007
 -8.631128949993875E-007
  7.109173503573147E-007
 -2.150133534787641E-006
  4.386183295418363E-008
 -1.021501729823275E-005
 -1.707694830887819E-005
 -1.213555862038316E-004
 -2.895469998103277E-004
  1.681981662169823E-004
  6.675052167191482E-005
 -4.654573453629066E-008
  3.709061967792156E-006
 -2.742443322022644E-006
  9.815763936800451E-007
 -1.197262830225928E-006
  6.425307347857722E-007
 -6.177314372842251E-007
  4.258981536309631E-007
 -4.388441299380197E-007
  8.494175981205468E-008
 -3.052986886369982E-007
  2.229154974074569E-007
 -1.993024868698956E-007
  2.261408975754029E-007
  1.924729875165792E-007
 -1.678710923474091E-007
  1.956008721957024E-007
 -2.238630597642327E-007
  2.672929336828501E-007
 -3.104246212966079E-007
  4.018147326033502E-007
 -4.452353029347454E-007
  7.113299443019192E-007
 -6.002949244462845E-007
  1.739724093478129E-006
 -1.465479439250968E-007
  7.782011908693115E-006
  1.080442177744077E-005
  8.027628254409907E-005
  1.672652909382104E-004
 -2.211638885477449E-004
 -7.937721178645146E-005
 -3.554809980753978E-006
 -4.006995734307733E-006
  2.221456923974245E-006
 -9.175891258447172E-007
  1.018398163196355E-006
 -5.678222114682661E-007
  5.275467478662648E-007
 -3.833368309670290E-007
  3.194844660063345E-007
 -3.052986885783118E-007
  6.339385890394768E-008
 -2.258147276454791E-007
  1.652348298239180E-007
 -1.946316377168278E-007
 -1.680218675947121E-007
  1.464364991169706E-007
 -1.707335429923617E-007
  1.956008721888133E-007
 -2.334282112338883E-007
  2.719465423176102E-007
 -3.506865313642444E-007
  3.927507112872533E-007
 -6.181581918130175E-007
  5.416675886811581E-007
 -1.503479032550191E-006
  1.747287419772055E-007
 -6.953459460502085E-006
 -1.063218294439971E-005
 -7.895180315973982E-005
 -1.783477376591508E-004
  1.592070227576177E-004
  6.077009759694691E-005
  2.246441454892250E-006
  3.376948777484625E-006
 -1.852299056671006E-006
  8.064022452947040E-007
 -8.608324672196466E-007
  4.916203716981308E-007
 -4.516211866939356E-007
  3.283834859934752E-007
 -2.836610404036192E-007
  2.229154973720649E-007
 -2.258147276278307E-007
  4.712904636890602E-008
 -1.675773896935805E-007
  1.637986470330750E-007
  1.435384346236810E-007
 -1.259241908597304E-007
  1.464364991076676E-007
 -1.678710923773348E-007
  2.001126474682888E-007
 -2.334997319644778E-007
  2.999849963297566E-007
 -3.382622228009724E-007
  5.256001987162101E-007
 -4.740550330274032E-007
  1.258692867716971E-006
 -2.404996624893175E-007
  5.594910779115587E-006
  7.588824458457602E-006
  6.170280709691404E-005
  1.387191015272873E-004
 -1.489683046557052E-004
 -5.424849395772437E-005
 -1.929228526513170E-006
 -2.969737955601812E-006
  1.574297283380160E-006
 -7.183908488339796E-007
  7.360898842792338E-007
 -4.295746412144822E-007
  3.887564877563883E-007
 -2.851101674192742E-007
  2.433819018252503E-007
 -1.993024868628780E-007
  1.652348298469633E-007
 -1.675773896794675E-007
  3.460537426087818E-008
 -1.644499730857965E-007
 -1.683897412714985E-007
  1.435384346401840E-007
 -1.680218677414139E-007
  1.924729874550884E-007
 -2.292492954890914E-007
  2.679379555387148E-007
 -3.430859143876184E-007
  3.892659423228873E-007
 -5.988113058302234E-007
  5.486862737762218E-007
 -1.438769555524320E-006
  2.158227305913702E-007
 -6.834437699902070E-006
 -1.132152131645650E-005
 -8.110609502656144E-005
 -1.693245738808179E-004
  1.676729573925157E-004
  7.017421060673454E-005
  4.763537982581386E-006
  3.892406209132039E-006
 -1.642251383893137E-006
  8.508141136787446E-007
 -8.230468335154229E-007
  4.931958760999661E-007
 -4.405367930716001E-007
  3.255194901343897E-007
 -2.774523510418693E-007
  2.261408975399105E-007
 -1.946316376860085E-007
  1.637986470456050E-007
 -1.644499731284848E-007
  4.943463500672510E-008
