 -2.443703763327763E-008
  2.550967342457722E-008
 -2.956170723270188E-008
  3.447131771062181E-008
 -4.065929044203515E-008
  4.911487517895677E-008
 -5.934415220669305E-008
  7.677098698334754E-008
 -9.216826840607951E-008
  1.419681570976991E-007
 -1.576506508782832E-007
  3.009483097393994E-007
 -6.501228870186619E-007
 -4.852789555953153E-007
 -1.039137603310121E-005
 -2.389919461843999E-005
  3.590579680932140E-005
  1.865320549330442E-005
  3.732682307160990E-006
  1.729788652286100E-006
  7.951628234883899E-008
  2.766324593877848E-007
 -9.975353244627861E-008
  1.040186147604184E-007
 -7.197039281401819E-008
  6.035163091601923E-008
 -4.857886796621914E-008
  4.084713414395285E-008
 -3.461685962666691E-008
  3.004742906875484E-008
 -2.589715845230572E-008
  2.988003592314069E-008
  2.550967341705913E-008
 -1.947422153239560E-008
  2.662290019887853E-008
 -3.085050816645542E-008
  3.660271265928150E-008
 -4.424080760572094E-008
  5.352167491499329E-008
 -6.931988854878814E-008
  8.317976173112436E-008
 -1.294437581833455E-007
  1.380942333036481E-007
 -3.010848616224256E-007
  4.699017968253948E-007
 -1.267065859317450E-007
  7.606294376398100E-006
  2.193894944024583E-005
 -3.018116798380801E-005
 -1.433539482903831E-005
 -2.572528415010050E-006
 -1.364434509968456E-006
 -2.544254969033077E-008
 -2.379792673749527E-007
  9.194506645462808E-008
 -9.271909672068607E-008
  6.467292455561608E-008
 -5.406761453167276E-008
  4.355361836867560E-008
 -3.660502643904219E-008
  3.102421405184189E-008
 -2.688441620135417E-008
  2.338986224020464E-008
 -2.589715845434996E-008
 -2.956170725977406E-008
  2.662290020382349E-008
 -2.575312765661692E-008
  3.546458910922010E-008
 -4.175983959762656E-008
  5.081552131613116E-008
 -6.140032792738189E-008
  7.986857261425188E-008
 -9.501254679251363E-008
  1.504335519245306E-007
 -1.545850879142278E-007
  3.542987327940448E-007
 -5.294406768805169E-007
  1.358926738477755E-007
 -8.589842237970846E-006
 -2.402288874354017E-005
  3.677945632053578E-005
  1.791060447764347E-005
  3.483512984626165E-006
  1.721982968128415E-006
  7.136216765892658E-008
  2.857357330859897E-007
 -1.026786137461093E-007
  1.077999225596844E-007
 -7.425649713107479E-008
  6.240253258657875E-008
 -5.017450354202876E-008
  4.220090378788276E-008
 -3.575495386233017E-008
  3.100537159095906E-008
 -2.688441621750732E-008
  3.004742908494328E-008
  3.447131775722982E-008
 -3.085050821548907E-008
  3.546458912852874E-008
 -3.446321678494251E-008
  4.827837346096066E-008
 -5.833384957823566E-008
  7.086396679055046E-008
 -9.250931225559991E-008
  1.093588200786446E-007
 -1.760520283966021E-007
  1.738876005769434E-007
 -4.263823353143350E-007
  5.777300724342714E-007
 -2.316310107992817E-007
  9.958669958328953E-006
  2.881862613237982E-005
 -4.119027368979869E-005
 -2.024871011359752E-005
 -3.945714980685660E-006
 -1.978211716437771E-006
 -8.738818572202659E-008
 -3.319478360678219E-007
  1.169071789331846E-007
 -1.246732780716806E-007
  8.539102200624232E-008
 -7.198132758703598E-008
  5.782211444917428E-008
 -4.866343476999505E-008
  4.122988609616664E-008
 -3.575495389384592E-008
  3.102421406848006E-008
 -3.461685965370881E-008
 -4.065929049567084E-008
  3.660271272033278E-008
 -4.175983962659773E-008
  4.827837349832724E-008
 -4.759813245396632E-008
  6.855756526182603E-008
 -8.245265442791081E-008
  1.087523882633539E-007
 -1.271415445713068E-007
  2.100650881019124E-007
 -1.913701217492463E-007
  5.462271831213587E-007
 -5.050319942823029E-007
  9.233691792251091E-007
 -9.326266353214097E-006
 -2.847787966843983E-005
  5.391352194589090E-005
  2.615835905277829E-005
  5.311621342148437E-006
  2.516846940609839E-006
  1.508605979175977E-007
  4.058318925733108E-007
 -1.344614604839787E-007
  1.484452164776088E-007
 -1.005504703841211E-007
  8.511766393113764E-008
 -6.824563374248799E-008
  5.746096747218483E-008
 -4.866343480196003E-008
  4.220090380289671E-008
 -3.660502645478663E-008
  4.084713416236845E-008
  4.911487523327496E-008
 -4.424080769731510E-008
  5.081552135724235E-008
 -5.833384958656050E-008
  6.855756530132760E-008
 -6.942930275104835E-008
  9.958434091709607E-008
 -1.308299330338298E-007
  1.530576210651650E-007
 -2.561072585014071E-007
  2.337630781211996E-007
 -6.390618625658973E-007
  8.139626509651553E-007
 -1.230547929738994E-007
  1.573684353714739E-005
  4.760520770925662E-005
 -5.075403173901372E-005
 -2.632941968451294E-005
 -5.234224376137502E-006
 -2.754517262306902E-006
 -1.482396623075963E-007
 -4.759443489464210E-007
  1.576602602091055E-007
 -1.761908159760643E-007
  1.187710320976539E-007
 -1.010052079073000E-007
  8.094023819251947E-008
 -6.824563373517399E-008
  5.782211446548338E-008
 -5.017450354208384E-008
  4.355361838531493E-008
 -4.857886798435718E-008
 -5.934415225267571E-008
  5.352167496122091E-008
 -6.140032798042320E-008
  7.086396680438930E-008
 -8.245265439177416E-008
  9.958434087888472E-008
 -9.959297518273414E-008
  1.573996614659753E-007
 -1.777734590757698E-007
  3.163802211310629E-007
 -2.207695463284836E-007
  9.982273065920582E-007
  1.373776623204647E-007
  4.742775742725939E-006
 -6.025195400882535E-007
 -1.049142652806950E-005
  1.099376139756091E-004
  5.111165853036095E-005
  1.130234913307413E-005
  4.651966613213713E-006
  4.531534899148268E-007
  6.671792432063168E-007
 -1.836801084572852E-007
  2.256545137714098E-007
 -1.479496890064600E-007
  1.267012550602024E-007
 -1.010052078916365E-007
  8.511766389203903E-008
 -7.198132759696134E-008
  6.240253257065171E-008
 -5.406761454077365E-008
  6.035163092194846E-008
  7.677098702388167E-008
 -6.931988857218282E-008
  7.986857259146490E-008
 -9.250931222918352E-008
  1.087523881775880E-007
 -1.308299329373803E-007
  1.573996613998627E-007
 -1.744201864828212E-007
  2.384507096340636E-007
 -4.117202898124122E-007
  3.882863040155023E-007
 -8.629266196477409E-007
  2.550674664584631E-006
  6.006070820003336E-006
  5.248085879106022E-005
  1.550727538556141E-004
  7.504662169862613E-006
 -8.420964607733755E-006
 -4.102837691018892E-007
 -2.338270736338118E-006
  8.071713648276161E-008
 -6.273451363616113E-007
  2.332144286073880E-007
 -2.549446281015354E-007
  1.725814760698372E-007
 -1.479496890175291E-007
  1.187710320673316E-007
 -1.005504703708571E-007
  8.539102197022494E-008
 -7.425649714211276E-008
  6.467292454085635E-008
 -7.197039282812938E-008
 -9.216826841419293E-008
  8.317976173573412E-008
 -9.501254674186493E-008
  1.093588200009410E-007
 -1.271415444638683E-007
  1.530576209118795E-007
 -1.777734589523045E-007
  2.384507095419107E-007
 -2.063827470463601E-007
  5.100103150947328E-007
 -7.984928870521433E-008
  2.556557816600879E-006
  5.874397172679866E-006
  3.203312479248428E-005
  1.025721822291675E-004
  2.553529682257994E-004
  4.551672363726162E-004
  1.932552373919133E-004
  4.739503344915012E-005
  1.534166126612993E-005
  2.448082602681659E-006
  1.632083868800792E-006
 -2.289847326573234E-007
  4.330343096431969E-007
 -2.549446280754578E-007
  2.256545137418019E-007
 -1.761908159386208E-007
  1.484452164249113E-007
 -1.246732780616915E-007
  1.077999225279189E-007
 -9.271909669443614E-008
  1.040186147548006E-007
  1.419681570987014E-007
 -1.294437581580885E-007
  1.504335518679641E-007
 -1.760520282980861E-007
  2.100650879263753E-007
 -2.561072582957209E-007
  3.163802209357274E-007
 -4.117202896608758E-007
  5.100103150235295E-007
 -6.882353911271758E-007
  1.022307564135245E-006
 -2.221394150926540E-007
  1.662995917348537E-005
  7.016740499052805E-005
  3.664478958116377E-004
  1.048918928498307E-003
  8.321105278650796E-004
  3.078269768195902E-004
  8.260352518828852E-005
  1.836609691504184E-005
  4.842031481613114E-006
  4.979210051574117E-007
  5.427527099535708E-007
 -2.289847326526680E-007
  2.332144286223752E-007
 -1.836801084362558E-007
  1.576602601926078E-007
 -1.344614604399005E-007
  1.169071788676675E-007
 -1.026786136986781E-007
  9.194506641884299E-008
 -9.975353243118412E-008
 -1.576506508789809E-007
  1.380942332585596E-007
 -1.545850878273465E-007
  1.738876004231990E-007
 -1.913701215830021E-007
  2.337630778983991E-007
 -2.207695461010394E-007
  3.882863038174737E-007
 -7.984928857504990E-008
  1.022307564057035E-006
  1.369410059882353E-006
  9.000560274153368E-006
  4.627230512422455E-005
  2.371585592405952E-004
  1.029508418126804E-003
  2.827871025551606E-003
  3.346403874412744E-003
  1.378570635953721E-003
  3.656512432814208E-004
  1.071683038573730E-004
  2.296752785875814E-005
  9.336959714755397E-006
  4.979210051381636E-007
  1.632083868804234E-006
 -6.273451363496600E-007
  6.671792431919042E-007
 -4.759443489161292E-007
  4.058318925116975E-007
 -3.319478360238663E-007
  2.857357330440240E-007
 -2.379792673250155E-007
  2.766324593893800E-007
  3.009483097410256E-007
 -3.010848616003609E-007
  3.542987327654574E-007
 -4.263823352175767E-007
  5.462271829426627E-007
 -6.390618623789134E-007
  9.982273063761307E-007
 -8.629266194384559E-007
  2.556557816435532E-006
 -2.221394149882305E-007
  9.000560274091826E-006
  8.964885029461065E-006
  1.035449938198790E-004
  5.543943916968948E-004
  2.925949796359105E-003
  8.722135641009493E-003
  8.948511748719638E-003
  3.651177939600609E-003
  1.020024622351203E-003
  2.893061338549606E-004
  7.232669205547753E-005
  2.296752785875297E-005
  4.842031481614858E-006
  2.448082602646305E-006
  8.071713651223740E-008
  4.531534899238005E-007
 -1.482396623221768E-007
  1.508605979641335E-007
 -8.738818580240504E-008
  7.136216767016089E-008
 -2.544254973165033E-008
  7.951628234769499E-008
 -6.501228870392363E-007
  4.699017968333546E-007
 -5.294406768608190E-007
  5.777300723678609E-007
 -5.050319941851683E-007
  8.139626508402855E-007
  1.373776625094089E-007
  2.550674664387887E-006
  5.874397172846030E-006
  1.662995917338003E-005
  4.627230512431077E-005
  1.035449938198403E-004
  3.119743873830562E-004
  1.511848855885394E-003
  7.999898929833649E-003
  2.439157222166200E-002
  2.852782079903442E-002
  1.233818941722243E-002
  3.604092937736719E-003
  1.120592068798648E-003
  2.893061338549428E-004
  1.071683038573803E-004
  1.836609691502719E-005
  1.534166126615655E-005
 -2.338270736373428E-006
  4.651966613233178E-006
 -2.754517262341875E-006
  2.516846940546303E-006
 -1.978211716444349E-006
  1.721982968000386E-006
 -1.364434509995948E-006
  1.729788652242997E-006
 -4.852789555544663E-007
 -1.267065859745731E-007
  1.358926738650766E-007
 -2.316310107952630E-007
  9.233691791569755E-007
 -1.230547928607919E-007
  4.742775742587919E-006
  6.006070820157772E-006
  3.203312479236326E-005
  7.016740499064296E-005
  2.371585592405170E-004
  5.543943916969472E-004
  1.511848855885338E-003
  3.868950972686701E-003
  1.952177842673722E-002
  6.651679733244636E-002
  7.878319290889094E-002
  3.552428025188578E-002
  1.110786364384194E-002
  3.604092937736698E-003
  1.020024622351218E-003
  3.656512432813885E-004
  8.260352518832072E-005
  4.739503344908786E-005
 -4.102837690691084E-007
  1.130234913301186E-005
 -5.234224376153456E-006
  5.311621342070150E-006
 -3.945714980866516E-006
  3.483512984493255E-006
 -2.572528415141560E-006
  3.732682307099511E-006
 -1.039137603315423E-005
  7.606294376451413E-006
 -8.589842238036211E-006
  9.958669958347571E-006
 -9.326266353204991E-006
  1.573684353709556E-005
 -6.025195400192856E-007
  5.248085879097141E-005
  1.025721822292700E-004
  3.664478958115517E-004
  1.029508418126884E-003
  2.925949796359063E-003
  7.999898929833705E-003
  1.952177842673722E-002
  5.400286774130623E-002
  0.166301048264512     
  0.219348058664541     
  0.106348446947684     
  3.552428025188569E-002
  1.233818941722247E-002
  3.651177939600539E-003
  1.378570635953762E-003
  3.078269768195431E-004
  1.932552373919534E-004
 -8.420964607809995E-006
  5.111165853034980E-005
 -2.632941968470511E-005
  2.615835905249390E-005
 -2.024871011399561E-005
  1.791060447723289E-005
 -1.433539482940223E-005
  1.865320549313612E-005
 -2.389919461839164E-005
  2.193894944017470E-005
 -2.402288874347633E-005
  2.881862613233643E-005
 -2.847787966841968E-005
  4.760520770925357E-005
 -1.049142652809738E-005
  1.550727538556641E-004
  2.553529682257406E-004
  1.048918928498381E-003
  2.827871025551560E-003
  8.722135641009567E-003
  2.439157222166198E-002
  6.651679733244650E-002
  0.166301048264512     
  0.345208100177957     
  0.432074442787793     
  0.219348058664541     
  7.878319290889092E-002
  2.852782079903431E-002
  8.948511748719683E-003
  3.346403874412698E-003
  8.321105278651163E-004
  4.551672363725328E-004
  7.504662169865730E-006
  1.099376139754217E-004
 -5.075403173934734E-005
  5.391352194526374E-005
 -4.119027369062027E-005
  3.677945631975844E-005
 -3.018116798439368E-005
  3.590579680906976E-005
  3.590579680925738E-005
 -3.018116798372348E-005
  3.677945632043185E-005
 -4.119027368970184E-005
  5.391352194582203E-005
 -5.075403173898658E-005
  1.099376139755958E-004
  7.504662169820465E-006
  4.551672363726707E-004
  8.321105278650210E-004
  3.346403874412834E-003
  8.948511748719561E-003
  2.852782079903450E-002
  7.878319290889077E-002
  0.219348058664541     
  0.432074442787793     
  0.345208100177958     
  0.166301048264512     
  6.651679733244618E-002
  2.439157222166208E-002
  8.722135641009375E-003
  2.827871025551675E-003
  1.048918928498234E-003
  2.553529682258533E-004
  1.550727538554753E-004
 -1.049142652815358E-005
  4.760520770886005E-005
 -2.847787966894639E-005
  2.881862613177768E-005
 -2.402288874411565E-005
  2.193894943988770E-005
 -2.389919461859364E-005
  1.865320549341067E-005
 -1.433539482921626E-005
  1.791060447782973E-005
 -2.024871011378475E-005
  2.615835905291614E-005
 -2.632941968461350E-005
  5.111165853037837E-005
 -8.420964607719166E-006
  1.932552373918504E-004
  3.078269768197062E-004
  1.378570635953605E-003
  3.651177939600730E-003
  1.233818941722231E-002
  3.552428025188579E-002
  0.106348446947684     
  0.219348058664541     
  0.166301048264512     
  5.400286774130605E-002
  1.952177842673749E-002
  7.999898929833433E-003
  2.925949796359311E-003
  1.029508418126674E-003
  3.664478958117502E-004
  1.025721822290502E-004
  5.248085879115300E-005
 -6.025195402431710E-007
  1.573684353709520E-005
 -9.326266353385481E-006
  9.958669958125708E-006
 -8.589842238110054E-006
  7.606294376335148E-006
 -1.039137603311036E-005
  3.732682306993189E-006
 -2.572528414776643E-006
  3.483512984366902E-006
 -3.945714980438341E-006
  5.311621341923051E-006
 -5.234224375989565E-006
  1.130234913299891E-005
 -4.102837691233946E-007
  4.739503344924704E-005
  8.260352518814765E-005
  3.656512432815962E-004
  1.020024622351032E-003
  3.604092937736901E-003
  1.110786364384178E-002
  3.552428025188580E-002
  7.878319290889085E-002
  6.651679733244628E-002
  1.952177842673749E-002
  3.868950972686340E-003
  1.511848855885723E-003
  5.543943916966870E-004
  2.371585592407613E-004
  7.016740499041406E-005
  3.203312479259498E-005
  6.006070819871953E-006
  4.742775742791241E-006
 -1.230547930473408E-007
  9.233691791825259E-007
 -2.316310107967739E-007
  1.358926738071846E-007
 -1.267065858714065E-007
 -4.852789555841113E-007
  1.729788652478108E-006
 -1.364434510253800E-006
  1.721982968424337E-006
 -1.978211716755551E-006
  2.516846940865012E-006
 -2.754517262475198E-006
  4.651966613295933E-006
 -2.338270736300713E-006
  1.534166126605011E-005
  1.836609691521183E-005
  1.071683038571668E-004
  2.893061338551943E-004
  1.120592068798408E-003
  3.604092937736896E-003
  1.233818941722230E-002
  2.852782079903433E-002
  2.439157222166203E-002
  7.999898929833439E-003
  1.511848855885609E-003
  3.119743873826845E-004
  1.035449938200614E-004
  4.627230512415037E-005
  1.662995917350979E-005
  5.874397172628358E-006
  2.550674664651864E-006
  1.373776622944662E-007
  8.139626509810329E-007
 -5.050319942367646E-007
  5.777300722962375E-007
 -5.294406767310637E-007
  4.699017967267734E-007
 -6.501228869587255E-007
  7.951628216173172E-008
 -2.544254941278814E-008
  7.136216733162982E-008
 -8.738818543063322E-008
  1.508605976705595E-007
 -1.482396621399480E-007
  4.531534898603198E-007
  8.071713645267407E-008
  2.448082602807194E-006
  4.842031481379976E-006
  2.296752785901817E-005
  7.232669205518045E-005
  2.893061338552310E-004
  1.020024622350993E-003
  3.651177939600716E-003
  8.948511748719570E-003
  8.722135641009474E-003
  2.925949796359177E-003
  5.543943916967728E-004
  1.035449938199854E-004
  8.964885029412518E-006
  9.000560274055496E-006
 -2.221394149983579E-007
  2.556557816536526E-006
 -8.629266196238205E-007
  9.982273065964535E-007
 -6.390618624707558E-007
  5.462271829214280E-007
 -4.263823351018502E-007
  3.542987326111376E-007
 -3.010848614560519E-007
  3.009483096707381E-007
  2.766324595752398E-007
 -2.379792676313064E-007
  2.857357333659426E-007
 -3.319478363265675E-007
  4.058318927863265E-007
 -4.759443490773745E-007
  6.671792432525142E-007
 -6.273451362814938E-007
  1.632083868604233E-006
  4.979210054168429E-007
  9.336959714442167E-006
  2.296752785905980E-005
  1.071683038570914E-004
  3.656512432816462E-004
  1.378570635953585E-003
  3.346403874412809E-003
  2.827871025551580E-003
  1.029508418126789E-003
  2.371585592406390E-004
  4.627230512423802E-005
  9.000560273978653E-006
  1.369410060190873E-006
  1.022307563893382E-006
 -7.984928853705619E-008
  3.882863039142387E-007
 -2.207695462186343E-007
  2.337630779678321E-007
 -1.913701214044994E-007
  1.738876003077731E-007
 -1.545850876647260E-007
  1.380942331304309E-007
 -1.576506507614425E-007
 -9.975353257870493E-008
  9.194506664672814E-008
 -1.026786139534042E-007
  1.169071791149838E-007
 -1.344614606268232E-007
  1.576602602614785E-007
 -1.836801084565210E-007
  2.332144284835820E-007
 -2.289847324642483E-007
  5.427527097265507E-007
  4.979210054316200E-007
  4.842031481329763E-006
  1.836609691533407E-005
  8.260352518807427E-005
  3.078269768197543E-004
  8.321105278650099E-004
  1.048918928498346E-003
  3.664478958116339E-004
  7.016740499053570E-005
  1.662995917338689E-005
 -2.221394149198405E-007
  1.022307563815624E-006
 -6.882353908834118E-007
  5.100103149572812E-007
 -4.117202898133232E-007
  3.163802211125915E-007
 -2.561072583935207E-007
  2.100650878334723E-007
 -1.760520281105152E-007
  1.504335516644545E-007
 -1.294437579646079E-007
  1.419681569880763E-007
  1.040186148724883E-007
 -9.271909683624303E-008
  1.077999226872079E-007
 -1.246732782062724E-007
  1.484452165353202E-007
 -1.761908160100033E-007
  2.256545137093740E-007
 -2.549446279726225E-007
  4.330343094566859E-007
 -2.289847324429610E-007
  1.632083868532778E-006
  2.448082602903524E-006
  1.534166126596272E-005
  4.739503344933096E-005
  1.932552373918126E-004
  4.551672363726382E-004
  2.553529682257596E-004
  1.025721822291747E-004
  3.203312479249008E-005
  5.874397172736326E-006
  2.556557816428754E-006
 -7.984928850280419E-008
  5.100103149780966E-007
 -2.063827471163392E-007
  2.384507097707131E-007
 -1.777734592130654E-007
  1.530576209976907E-007
 -1.271415443673811E-007
  1.093588199119385E-007
 -9.501254652928621E-008
  8.317976165005618E-008
 -9.216826829891527E-008
 -7.197039283826063E-008
  6.467292461040679E-008
 -7.425649717732610E-008
  8.539102203917211E-008
 -1.005504703825556E-007
  1.187710320677381E-007
 -1.479496889524139E-007
  1.725814759723329E-007
 -2.549446279606314E-007
  2.332144284796803E-007
 -6.273451362057592E-007
  8.071713639012781E-008
 -2.338270736189210E-006
 -4.102837691829267E-007
 -8.420964607721590E-006
  7.504662169793689E-006
  1.550727538555466E-004
  5.248085879105795E-005
  6.006070819955370E-006
  2.550674664560983E-006
 -8.629266195571953E-007
  3.882863038990786E-007
 -4.117202897774520E-007
  2.384507097928121E-007
 -1.744201868803406E-007
  1.573996617806314E-007
 -1.308299330866879E-007
  1.087523882025189E-007
 -9.250931197563309E-008
  7.986857261007664E-008
 -6.931988838254638E-008
  7.677098698601212E-008
  6.035163090641495E-008
 -5.406761448693803E-008
  6.240253252140568E-008
 -7.198132754693506E-008
  8.511766385517733E-008
 -1.010052078388941E-007
  1.267012549881101E-007
 -1.479496889733128E-007
  2.256545137052615E-007
 -1.836801084050874E-007
  6.671792431927057E-007
  4.531534899451063E-007
  4.651966613212562E-006
  1.130234913305141E-005
  5.111165853032115E-005
  1.099376139754420E-004
 -1.049142652818583E-005
 -6.025195402245852E-007
  4.742775742746534E-006
  1.373776623460610E-007
  9.982273065384069E-007
 -2.207695462276503E-007
  3.163802211208866E-007
 -1.777734592232496E-007
  1.573996617993560E-007
 -9.959297554807606E-008
  9.958434102976662E-008
 -8.245265428576577E-008
  7.086396673337014E-008
 -6.140032787502902E-008
  5.352167489667421E-008
 -5.934415223893540E-008
 -4.857886790337513E-008
  4.355361829599138E-008
 -5.017450340525660E-008
  5.782211436922669E-008
 -6.824563363254276E-008
  8.094023813630269E-008
 -1.010052078545227E-007
  1.187710321020861E-007
 -1.761908160225576E-007
  1.576602602791322E-007
 -4.759443490291138E-007
 -1.482396622215847E-007
 -2.754517262423490E-006
 -5.234224376099638E-006
 -2.632941968472287E-005
 -5.075403173930682E-005
  4.760520770891700E-005
  1.573684353710101E-005
 -1.230547930528484E-007
  8.139626509991488E-007
 -6.390618625045774E-007
  2.337630780448508E-007
 -2.561072584156237E-007
  1.530576210798574E-007
 -1.308299331281695E-007
  9.958434103499482E-008
 -6.942930267409018E-008
  6.855756505317953E-008
 -5.833384940883718E-008
  5.081552119740815E-008
 -4.424080767650602E-008
  4.911487519599049E-008
  4.084713405355407E-008
 -3.660502632381969E-008
  4.220090363134501E-008
 -4.866343463122347E-008
  5.746096736546049E-008
 -6.824563367027654E-008
  8.511766393226301E-008
 -1.005504704395198E-007
  1.484452165869575E-007
 -1.344614606463860E-007
  4.058318927644467E-007
  1.508605977010717E-007
  2.516846940779850E-006
  5.311621341896480E-006
  2.615835905262745E-005
  5.391352194520330E-005
 -2.847787966891277E-005
 -9.326266353455080E-006
  9.233691792844408E-007
 -5.050319942506185E-007
  5.462271830083779E-007
 -1.913701215075162E-007
  2.100650879575639E-007
 -1.271415444214796E-007
  1.087523882644212E-007
 -8.245265430772243E-008
  6.855756504894704E-008
 -4.759813206833450E-008
  4.827837318350065E-008
 -4.175983956723572E-008
  3.660271268849617E-008
 -4.065929054218329E-008
 -3.461685955082419E-008
  3.102421393782810E-008
 -3.575495369019050E-008
  4.122988595867522E-008
 -4.866343469814921E-008
  5.782211443203839E-008
 -7.198132764657018E-008
  8.539102216887607E-008
 -1.246732783130020E-007
  1.169071791810474E-007
 -3.319478363343171E-007
 -8.738818546406377E-008
 -1.978211716741029E-006
 -3.945714980631069E-006
 -2.024871011414386E-005
 -4.119027369052055E-005
  2.881862613168173E-005
  9.958669958230413E-006
 -2.316310108891886E-007
  5.777300724574326E-007
 -4.263823351876119E-007
  1.738876003835150E-007
 -1.760520281777202E-007
  1.093588199884936E-007
 -9.250931201875496E-008
  7.086396674211958E-008
 -5.833384940618593E-008
  4.827837317510293E-008
 -3.446321662697518E-008
  3.546458918054936E-008
 -3.085050838800773E-008
  3.447131790061596E-008
  3.004742899334049E-008
 -2.688441607224649E-008
  3.100537144008619E-008
 -3.575495374868466E-008
  4.220090371822634E-008
 -5.017450353684920E-008
  6.240253267569225E-008
 -7.425649730676901E-008
  1.077999228183865E-007
 -1.026786140246190E-007
  2.857357334093800E-007
  7.136216735394381E-008
  1.721982968358487E-006
  3.483512984240545E-006
  1.791060447740898E-005
  3.677945631964882E-005
 -2.402288874400676E-005
 -8.589842238186615E-006
  1.358926739264080E-007
 -5.294406768381278E-007
  3.542987327250531E-007
 -1.545850877585983E-007
  1.504335517652920E-007
 -9.501254664028754E-008
  7.986857262460161E-008
 -6.140032788147334E-008
  5.081552118356873E-008
 -4.175983956845751E-008
  3.546458915713122E-008
 -2.575312795672927E-008
  2.662290055870090E-008
 -2.956170751647314E-008
 -2.589715837186477E-008
  2.338986213305991E-008
 -2.688441609230180E-008
  3.102421399795518E-008
 -3.660502641183554E-008
  4.355361843270647E-008
 -5.406761462145694E-008
  6.467292469926245E-008
 -9.271909696494395E-008
  9.194506675744265E-008
 -2.379792677218650E-007
 -2.544254937791741E-008
 -1.364434510287975E-006
 -2.572528414940292E-006
 -1.433539482955915E-005
 -3.018116798428177E-005
  2.193894943981885E-005
  7.606294376440930E-006
 -1.267065859612858E-007
  4.699017968681052E-007
 -3.010848615478408E-007
  1.380942332084454E-007
 -1.294437580463698E-007
  8.317976168776668E-008
 -6.931988842113028E-008
  5.352167490387026E-008
 -4.424080768277168E-008
  3.660271266870948E-008
 -3.085050836186388E-008
  2.662290055077827E-008
 -1.947422205821981E-008
  2.550967381334714E-008
  2.988003587860663E-008
 -2.589715838632406E-008
  3.004742901642396E-008
 -3.461685959023277E-008
  4.084713413822260E-008
 -4.857886802295806E-008
  6.035163100173095E-008
 -7.197039285238741E-008
  1.040186149525818E-007
 -9.975353270787490E-008
  2.766324596413771E-007
  7.951628230903126E-008
  1.729788652519649E-006
  3.732682306883083E-006
  1.865320549324784E-005
  3.590579680894711E-005
 -2.389919461859844E-005
 -1.039137603318123E-005
 -4.852789555143687E-007
 -6.501228870312071E-007
  3.009483097434823E-007
 -1.576506508457188E-007
  1.419681570828846E-007
 -9.216826830515958E-008
  7.677098698639361E-008
 -5.934415224206824E-008
  4.911487517970192E-008
 -4.065929052866141E-008
  3.447131788864267E-008
 -2.956170752195417E-008
  2.550967382111166E-008
 -2.443703791920574E-008
