 -5.527489670199940E-010
  5.823849470681787E-010
 -4.232349453497242E-010
  1.105757431645825E-009
  1.879309093950323E-010
  3.577653444636241E-009
  5.627479557563814E-009
  1.991803005701900E-008
  4.740979565432520E-008
  1.337095392106862E-007
  3.348284637503868E-007
  8.496771059471595E-007
  1.980274159989369E-006
  4.342155713736263E-006
  8.220887329196513E-006
  1.212851239067809E-005
  1.363374681303496E-005
  9.758517604717322E-006
  5.413374191294720E-006
  2.676413651894333E-006
  1.209977906134956E-006
  5.344639943498885E-007
  2.231298824360057E-007
  9.675270608421017E-008
  3.795649230625279E-008
  1.771385730319786E-008
  5.878473057329054E-009
  3.751021179527132E-009
  5.159276934750958E-010
  1.149979186229291E-009
 -3.089535146075411E-010
  7.169936864168528E-010
  5.823849267824686E-010
 -5.481357213259812E-010
  6.003267063247048E-010
 -6.683519233703046E-010
  1.489561665597251E-009
  1.652601640387569E-009
  1.163935798017676E-008
  3.265783013423577E-008
  1.090917850841489E-007
  3.078490985808961E-007
  8.612281551404553E-007
  2.214531618913627E-006
  5.390934150759094E-006
  1.183378309099952E-005
  2.260872897928434E-005
  3.387328753126387E-005
  3.342838578708789E-005
  2.321477599808129E-005
  1.274234106206209E-005
  6.120316226477850E-006
  2.736445641849343E-006
  1.162606208675993E-006
  4.832204434136223E-007
  1.942323319777083E-007
  7.933108262002439E-008
  3.041359555770962E-008
  1.308201807158368E-008
  4.362628268385900E-009
  2.471871960794204E-009
  3.558011765883606E-010
  7.134751856063756E-010
 -3.089534951833528E-010
 -4.232348965585095E-010
  6.003266942893569E-010
 -1.489388020902878E-010
  1.434653041325441E-009
  1.895358307090837E-009
  8.822076537685405E-009
  2.462265572013389E-008
  8.041996843436213E-008
  2.359170925734632E-007
  6.822567657249241E-007
  1.857627477453887E-006
  4.818911357873140E-006
  1.165092776436067E-005
  2.573222385006201E-005
  4.925094498784126E-005
  7.330922597788830E-005
  7.606086187352364E-005
  5.343989758933925E-005
  2.952209329732089E-005
  1.439893377618466E-005
  6.496828914749591E-006
  2.822213518283490E-006
  1.183427454626228E-006
  4.957522844833110E-007
  2.008285673935530E-007
  8.513983043221563E-008
  3.300111208818247E-008
  1.535437897629495E-008
  4.999317984322244E-009
  3.293939339623823E-009
  3.558011854410523E-010
  1.149979120622543E-009
  1.105757366809440E-009
 -6.683518902251817E-010
  1.434652956257814E-009
 -3.056841650817264E-010
  4.383441519039613E-009
  8.858251915203909E-009
  4.169566231852684E-008
  1.314773752763685E-007
  4.359863481462910E-007
  1.291263975979190E-006
  3.675640903840656E-006
  9.698373918283629E-006
  2.391835779650316E-005
  5.327130389301803E-005
  1.026874994008931E-004
  1.543052765085922E-004
  1.566214864064318E-004
  1.098360044746276E-004
  6.080609604154891E-005
  2.962699499378333E-005
  1.341766843606386E-005
  5.822383015780428E-006
  2.460065280291011E-006
  1.024003029463800E-006
  4.232182039611862E-007
  1.741451092195946E-007
  7.233368225913327E-008
  2.964534203746863E-008
  1.279914606209512E-008
  4.999318012131241E-009
  2.471871906403299E-009
  5.159277190377459E-010
  1.879310076267516E-010
  1.489561584132874E-009
  1.895358294356623E-009
  4.383441485302036E-009
  8.630365698868744E-009
  2.474925448687214E-008
  7.861645767772989E-008
  2.602956816049316E-007
  8.346819785784027E-007
  2.535678616255419E-006
  7.268683899908395E-006
  1.948923366711267E-005
  4.846458426755588E-005
  1.089847783192764E-004
  2.114879292936277E-004
  3.185406462018424E-004
  3.294703666011529E-004
  2.329102968951773E-004
  1.298229492307216E-004
  6.389901198632863E-005
  2.921436514140982E-005
  1.285733843052347E-005
  5.496658351685450E-006
  2.337153897718490E-006
  9.754359449593355E-007
  4.165177823125213E-007
  1.711312503378010E-007
  7.652971141113462E-008
  2.964534197580617E-008
  1.535437906082215E-008
  4.362628226689683E-009
  3.751021154229410E-009
  3.577653341227367E-009
  1.652601722609369E-009
  8.822076465512035E-009
  8.858251955000314E-009
  2.474925442401215E-008
  4.283860246298956E-008
  1.398366006668485E-007
  4.350636570775135E-007
  1.482099443227963E-006
  4.639635035436534E-006
  1.381520725397212E-005
  3.793081688733000E-005
  9.629270064911794E-005
  2.194274832823235E-004
  4.300185934921557E-004
  6.536045936211879E-004
  6.746585640800440E-004
  4.788872757792396E-004
  2.685741180878324E-004
  1.330057000796698E-004
  6.134072703618841E-005
  2.722456770072939E-005
  1.178193535067391E-005
  5.055771917771456E-006
  2.148220120647595E-006
  9.211947553542605E-007
  3.910442343062952E-007
  1.711312503469551E-007
  7.233368231523049E-008
  3.300111206256563E-008
  1.308201808688928E-008
  5.878473079457016E-009
  5.627479595362002E-009
  1.163935791815852E-008
  2.462265577393654E-008
  4.169566227533655E-008
  7.861645767129603E-008
  1.398366006004210E-007
  3.146657362513977E-007
  8.516716029526444E-007
  2.714291252035013E-006
  8.591151516664788E-006
  2.606512886357104E-005
  7.326479306141111E-005
  1.893838039181471E-004
  4.381016227276513E-004
  8.682561271074493E-004
  1.329329656185505E-003
  1.388558119669688E-003
  9.939923559292517E-004
  5.623328088435225E-004
  2.814926165710798E-004
  1.313466475223554E-004
  5.912495451085395E-005
  2.596127820352302E-005
  1.134138861660124E-005
  4.894295170398499E-006
  2.146423769001347E-006
  9.211947554202340E-007
  4.165177823359223E-007
  1.741451092369838E-007
  8.513983042876839E-008
  3.041359556262470E-008
  1.771385728984242E-008
  1.991803010389167E-008
  3.265783011739323E-008
  8.041996835552087E-008
  1.314773752770846E-007
  2.602956815202409E-007
  4.350636571272763E-007
  8.516716029158537E-007
  1.803251074745796E-006
  5.032803800036752E-006
  1.541251779051420E-005
  4.769343479045161E-005
  1.375918751460953E-004
  3.647114565181119E-004
  8.600180835348180E-004
  1.729113349228426E-003
  2.678319861953387E-003
  2.815186172179887E-003
  2.031773201897776E-003
  1.160635085098771E-003
  5.872482872025153E-004
  2.775077203835177E-004
  1.266220273671275E-004
  5.647627028259265E-005
  2.504816593750950E-005
  1.100933906484989E-005
  4.894295170447719E-006
  2.148220120578087E-006
  9.754359450862545E-007
  4.232182039355065E-007
  2.008285674850698E-007
  7.933108252889544E-008
  3.795649235652527E-008
  4.740979569451092E-008
  1.090917851229219E-007
  2.359170926297073E-007
  4.359863481699569E-007
  8.346819786113934E-007
  1.482099443179393E-006
  2.714291252132320E-006
  5.032803799964664E-006
  1.104934169291182E-005
  2.935507122158407E-005
  8.750467748735104E-005
  2.552984010119428E-004
  6.914497169690523E-004
  1.664558468598459E-003
  3.402966449200857E-003
  5.335789055382061E-003
  5.678895649633405E-003
  4.144363397691047E-003
  2.395733461235232E-003
  1.228686442423968E-003
  5.892936611222873E-004
  2.733133074988525E-004
  1.240001608012408E-004
  5.599963439254523E-005
  2.504816593760472E-005
  1.134138861643989E-005
  5.055771918000977E-006
  2.337153897484496E-006
  1.024003029675056E-006
  4.957522843271141E-007
  1.942323320742432E-007
  9.675270594918296E-008
  1.337095392294071E-007
  3.078490985778442E-007
  6.822567657370660E-007
  1.291263976027663E-006
  2.535678616254721E-006
  4.639635035526754E-006
  8.591151516611643E-006
  1.541251779057858E-005
  2.935507122153107E-005
  6.311714467876735E-005
  1.652672689165396E-004
  4.680053708954098E-004
  1.283492289985020E-003
  3.155316983094239E-003
  6.574601313635293E-003
  1.047256905529546E-002
  1.127935019151108E-002
  8.333222324426237E-003
  4.882860934197506E-003
  2.541372654047067E-003
  1.238744928189723E-003
  5.843108667059986E-004
  2.698717358835036E-004
  1.240001608012289E-004
  5.647627028244006E-005
  2.596127820364683E-005
  1.178193535038141E-005
  5.496658351943147E-006
  2.460065280129980E-006
  1.183427454826491E-006
  4.832204432645036E-007
  2.231298825701217E-007
  3.348284637640003E-007
  8.612281552558011E-007
  1.857627477415491E-006
  3.675640903911595E-006
  7.268683899872848E-006
  1.381520725400683E-005
  2.606512886368476E-005
  4.769343479033782E-005
  8.750467748738974E-005
  1.652672689164317E-004
  3.544046198660610E-004
  8.884681247949947E-004
  2.367039458929051E-003
  5.875565861581487E-003
  1.246532193219106E-002
  2.018267391029406E-002
  2.207621603345646E-002
  1.655104424140725E-002
  9.849429267604745E-003
  5.212619014816797E-003
  2.585971866803611E-003
  1.242198291385830E-003
  5.843108667059776E-004
  2.733133074988128E-004
  1.266220273670920E-004
  5.912495451075316E-005
  2.722456770084639E-005
  1.285733843037082E-005
  5.822383015895415E-006
  2.822213518204600E-006
  1.162606208746004E-006
  5.344639942282796E-007
  8.496771060192006E-007
  2.214531618842011E-006
  4.818911357966328E-006
  9.698373918203520E-006
  1.948923366714447E-005
  3.793081688742466E-005
  7.326479306136117E-005
  1.375918751461891E-004
  2.552984010117969E-004
  4.680053708955345E-004
  8.884681247949270E-004
  1.861409904889404E-003
  4.446116878513044E-003
  1.076742772881295E-002
  2.304568941206123E-002
  3.792084644538472E-002
  4.212336953029771E-002
  3.208254109449035E-002
  1.941666473854918E-002
  1.045948592700586E-002
  5.285437103607461E-003
  2.585971866803530E-003
  1.238744928189857E-003
  5.892936611221260E-004
  2.775077203836008E-004
  1.313466475222672E-004
  6.134072703615958E-005
  2.921436514138107E-005
  1.341766843603594E-005
  6.496828914707605E-006
  2.736445641841559E-006
  1.209977906174394E-006
  1.980274160011001E-006
  5.390934150808185E-006
  1.165092776424788E-005
  2.391835779656186E-005
  4.846458426751521E-005
  9.629270064916635E-005
  1.893838039182277E-004
  3.647114565180195E-004
  6.914497169692288E-004
  1.283492289984915E-003
  2.367039458929190E-003
  4.446116878512998E-003
  9.033191464677535E-003
  1.985538616263667E-002
  4.157243402496290E-002
  6.887698758428816E-002
  7.763013810208293E-002
  6.009661908459474E-002
  3.701722500367609E-002
  2.031288186103582E-002
  1.045948592700580E-002
  5.212619014816982E-003
  2.541372654046872E-003
  1.228686442423994E-003
  5.872482872022213E-004
  2.814926165711141E-004
  1.330057000795210E-004
  6.389901198645899E-005
  2.962699499375702E-005
  1.439893377627714E-005
  6.120316226369176E-006
  2.676413651929229E-006
  4.342155713734993E-006
  1.183378309095575E-005
  2.573222385010975E-005
  5.327130389295476E-005
  1.089847783192876E-004
  2.194274832822906E-004
  4.381016227276579E-004
  8.600180835348942E-004
  1.664558468598379E-003
  3.155316983094421E-003
  5.875565861581362E-003
  1.076742772881299E-002
  1.985538616263661E-002
  3.792446123084012E-002
  7.307747962124904E-002
  0.118859141091369     
  0.134756036710807     
  0.105745886069925     
  6.624401367952924E-002
  3.701722500367607E-002
  1.941666473854914E-002
  9.849429267604478E-003
  4.882860934197538E-003
  2.395733461234856E-003
  1.160635085098814E-003
  5.623328088432609E-004
  2.685741180879612E-004
  1.298229492305033E-004
  6.080609604174007E-005
  2.952209329708140E-005
  1.274234106223867E-005
  5.413374191178434E-006
  8.220887329158452E-006
  2.260872897933195E-005
  4.925094498784854E-005
  1.026874994009196E-004
  2.114879292935210E-004
  4.300185934921831E-004
  8.682561271073899E-004
  1.729113349228376E-003
  3.402966449200938E-003
  6.574601313635189E-003
  1.246532193219119E-002
  2.304568941206125E-002
  4.157243402496306E-002
  7.307747962124907E-002
  0.124895196639514     
  0.189344034921013     
  0.211057426849110     
  0.166506462816703     
  0.105745886069924     
  6.009661908459451E-002
  3.208254109449006E-002
  1.655104424140709E-002
  8.333222324425885E-003
  4.144363397690832E-003
  2.031773201897423E-003
  9.939923559291260E-004
  4.788872757790037E-004
  2.329102968952622E-004
  1.098360044744600E-004
  5.343989758952060E-005
  2.321477599793521E-005
  9.758517604841203E-006
  1.212851239066383E-005
  3.387328753128163E-005
  7.330922597785691E-005
  1.543052765085695E-004
  3.185406462018666E-004
  6.536045936210999E-004
  1.329329656185551E-003
  2.678319861953317E-003
  5.335789055382054E-003
  1.047256905529546E-002
  2.018267391029408E-002
  3.792084644538479E-002
  6.887698758428823E-002
  0.118859141091369     
  0.189344034921013     
  0.259492401219542     
  0.272011736101234     
  0.211057426849110     
  0.134756036710807     
  7.763013810208287E-002
  4.212336953029731E-002
  2.207621603345611E-002
  1.127935019151058E-002
  5.678895649632977E-003
  2.815186172179360E-003
  1.388558119669485E-003
  6.746585640799190E-004
  3.294703666010765E-004
  1.566214864064898E-004
  7.606086187345219E-005
  3.342838578719378E-005
  1.363374681293694E-005
  1.363374681307238E-005
  3.342838578700022E-005
  7.606086187350003E-005
  1.566214864064553E-004
  3.294703666010225E-004
  6.746585640801184E-004
  1.388558119669529E-003
  2.815186172179957E-003
  5.678895649633325E-003
  1.127935019151115E-002
  2.207621603345641E-002
  4.212336953029788E-002
  7.763013810208318E-002
  0.134756036710808     
  0.211057426849110     
  0.272011736101234     
  0.259492401219542     
  0.189344034921013     
  0.118859141091369     
  6.887698758428779E-002
  3.792084644538445E-002
  2.018267391029357E-002
  1.047256905529521E-002
  5.335789055381499E-003
  2.678319861953195E-003
  1.329329656185103E-003
  6.536045936211993E-004
  3.185406462016928E-004
  1.543052765087113E-004
  7.330922597795526E-005
  3.387328753127688E-005
  1.212851239076138E-005
  9.758517604637373E-006
  2.321477599816710E-005
  5.343989758928407E-005
  1.098360044745978E-004
  2.329102968952200E-004
  4.788872757790632E-004
  9.939923559293693E-004
  2.031773201897629E-003
  4.144363397691159E-003
  8.333222324426137E-003
  1.655104424140740E-002
  3.208254109449032E-002
  6.009661908459509E-002
  0.105745886069925     
  0.166506462816703     
  0.211057426849111     
  0.189344034921013     
  0.124895196639514     
  7.307747962124893E-002
  4.157243402496268E-002
  2.304568941206089E-002
  1.246532193219099E-002
  6.574601313634869E-003
  3.402966449200842E-003
  1.729113349227949E-003
  8.682561271074972E-004
  4.300185934918945E-004
  2.114879292937430E-004
  1.026874994006826E-004
  4.925094498793386E-005
  2.260872897934020E-005
  8.220887329089727E-006
  5.413374191418038E-006
  1.274234106190886E-005
  2.952209329738956E-005
  6.080609604150967E-005
  1.298229492306899E-004
  2.685741180878953E-004
  5.623328088433835E-004
  1.160635085098883E-003
  2.395733461235147E-003
  4.882860934197564E-003
  9.849429267604659E-003
  1.941666473854931E-002
  3.701722500367597E-002
  6.624401367952946E-002
  0.105745886069925     
  0.134756036710807     
  0.118859141091369     
  7.307747962124919E-002
  3.792446123083992E-002
  1.985538616263663E-002
  1.076742772881278E-002
  5.875565861581310E-003
  3.155316983094308E-003
  1.664558468598213E-003
  8.600180835348802E-004
  4.381016227273914E-004
  2.194274832822902E-004
  1.089847783189778E-004
  5.327130389297453E-005
  2.573222384992433E-005
  1.183378309085797E-005
  4.342155713774120E-006
  2.676413651703512E-006
  6.120316226662043E-006
  1.439893377600476E-005
  2.962699499392656E-005
  6.389901198631071E-005
  1.330057000796328E-004
  2.814926165711167E-004
  5.872482872024866E-004
  1.228686442423935E-003
  2.541372654047034E-003
  5.212619014816798E-003
  1.045948592700581E-002
  2.031288186103589E-002
  3.701722500367593E-002
  6.009661908459480E-002
  7.763013810208268E-002
  6.887698758428774E-002
  4.157243402496263E-002
  1.985538616263665E-002
  9.033191464677355E-003
  4.446116878513153E-003
  2.367039458928914E-003
  1.283492289984968E-003
  6.914497169690932E-004
  3.647114565178989E-004
  1.893838039180855E-004
  9.629270064888953E-005
  4.846458426746945E-005
  2.391835779625705E-005
  1.165092776416198E-005
  5.390934150787614E-006
  1.980274159863145E-006
  1.209977906293068E-006
  2.736445641635611E-006
  6.496828914934764E-006
  1.341766843594318E-005
  2.921436514148700E-005
  6.134072703611511E-005
  1.313466475223720E-004
  2.775077203834873E-004
  5.892936611224003E-004
  1.238744928189595E-003
  2.585971866803784E-003
  5.285437103607372E-003
  1.045948592700588E-002
  1.941666473854915E-002
  3.208254109449014E-002
  4.212336953029749E-002
  3.792084644538454E-002
  2.304568941206104E-002
  1.076742772881282E-002
  4.446116878513185E-003
  1.861409904889200E-003
  8.884681247951310E-004
  4.680053708952208E-004
  2.552984010118263E-004
  1.375918751459000E-004
  7.326479306134962E-005
  3.793081688726412E-005
  1.948923366692658E-005
  9.698373918194883E-006
  4.818911357763294E-006
  2.214531618757575E-006
  8.496771060467876E-007
  5.344639942240887E-007
  1.162606208876530E-006
  2.822213518184499E-006
  5.822383015907755E-006
  1.285733843042425E-005
  2.722456770074019E-005
  5.912495451072811E-005
  1.266220273672456E-004
  2.733133074986708E-004
  5.843108667062095E-004
  1.242198291385509E-003
  2.585971866803792E-003
  5.212619014816719E-003
  9.849429267604593E-003
  1.655104424140702E-002
  2.207621603345624E-002
  2.018267391029365E-002
  1.246532193219102E-002
  5.875565861581398E-003
  2.367039458928931E-003
  8.884681247951329E-004
  3.544046198658345E-004
  1.652672689164974E-004
  8.750467748726523E-005
  4.769343479043895E-005
  2.606512886340230E-005
  1.381520725402041E-005
  7.268683899741685E-006
  3.675640903661331E-006
  1.857627477349813E-006
  8.612281551484020E-007
  3.348284636287078E-007
  2.231298824946715E-007
  4.832204433583347E-007
  1.183427454677757E-006
  2.460065280283011E-006
  5.496658351720024E-006
  1.178193535064068E-005
  2.596127820354409E-005
  5.647627028242089E-005
  1.240001608014033E-004
  2.698717358832261E-004
  5.843108667062932E-004
  1.238744928189546E-003
  2.541372654047097E-003
  4.882860934197281E-003
  8.333222324426086E-003
  1.127935019151065E-002
  1.047256905529524E-002
  6.574601313634898E-003
  3.155316983094274E-003
  1.283492289984981E-003
  4.680053708952824E-004
  1.652672689164817E-004
  6.311714467879120E-005
  2.935507122154411E-005
  1.541251779043790E-005
  8.591151516750357E-006
  4.639635035287206E-006
  2.535678616144462E-006
  1.291263976097546E-006
  6.822567655894259E-007
  3.078490985883515E-007
  1.337095392950181E-007
  9.675270609473817E-008
  1.942323318836673E-007
  4.957522845265627E-007
  1.024003029362832E-006
  2.337153897789637E-006
  5.055771917741712E-006
  1.134138861663009E-005
  2.504816593750855E-005
  5.599963439244606E-005
  1.240001608013702E-004
  2.733133074986440E-004
  5.892936611224052E-004
  1.228686442423775E-003
  2.395733461235100E-003
  4.144363397690772E-003
  5.678895649633287E-003
  5.335789055381472E-003
  3.402966449200789E-003
  1.664558468598227E-003
  6.914497169690131E-004
  2.552984010117869E-004
  8.750467748735397E-005
  2.935507122151845E-005
  1.104934169295487E-005
  5.032803799994676E-006
  2.714291251872700E-006
  1.482099443332345E-006
  8.346819786695819E-007
  4.359863479990784E-007
  2.359170927840590E-007
  1.090917850470446E-007
  4.740979567745693E-008
  3.795649221208136E-008
  7.933108269619613E-008
  2.008285672650369E-007
  4.232182040885789E-007
  9.754359448628976E-007
  2.148220120772575E-006
  4.894295170305248E-006
  1.100933906496014E-005
  2.504816593752610E-005
  5.647627028245251E-005
  1.266220273671887E-004
  2.775077203834597E-004
  5.872482872023301E-004
  1.160635085098699E-003
  2.031773201897583E-003
  2.815186172179419E-003
  2.678319861953259E-003
  1.729113349228040E-003
  8.600180835347940E-004
  3.647114565179815E-004
  1.375918751459113E-004
  4.769343479032544E-005
  1.541251779057426E-005
  5.032803799897307E-006
  1.803251074544186E-006
  8.516716032409142E-007
  4.350636569857268E-007
  2.602956816408753E-007
  1.314773754724295E-007
  8.041996819907769E-008
  3.265783016817827E-008
  1.991803003752312E-008
  1.771385737107380E-008
  3.041359545040741E-008
  8.513983057921856E-008
  1.741451091138691E-007
  4.165177824725089E-007
  9.211947552785027E-007
  2.146423769155994E-006
  4.894295170354390E-006
  1.134138861663092E-005
  2.596127820357016E-005
  5.912495451087685E-005
  1.313466475222519E-004
  2.814926165710856E-004
  5.623328088432974E-004
  9.939923559291193E-004
  1.388558119669466E-003
  1.329329656185165E-003
  8.682561271073446E-004
  4.381016227275168E-004
  1.893838039179200E-004
  7.326479306130998E-005
  2.606512886352586E-005
  8.591151516469355E-006
  2.714291252076139E-006
  8.516716030527067E-007
  3.146657360252965E-007
  1.398366009866056E-007
  7.861645746402582E-008
  4.169566210583877E-008
  2.462265584878322E-008
  1.163935785821350E-008
  5.627479592888620E-009
  5.878472996624058E-009
  1.308201814730720E-008
  3.300111198037032E-008
  7.233368233297092E-008
  1.711312502914260E-007
  3.910442343270407E-007
  9.211947553121802E-007
  2.148220120674595E-006
  5.055771917859915E-006
  1.178193535068271E-005
  2.722456770065342E-005
  6.134072703629080E-005
  1.330057000794437E-004
  2.685741180880239E-004
  4.788872757790054E-004
  6.746585640798790E-004
  6.536045936210047E-004
  4.300185934920560E-004
  2.194274832821169E-004
  9.629270064906774E-005
  3.793081688722731E-005
  1.381520725386721E-005
  4.639635035585216E-006
  1.482099443072371E-006
  4.350636572163085E-007
  1.398366008731180E-007
  4.283860217204115E-008
  2.474925449350964E-008
  8.858251931516829E-009
  8.822076303655130E-009
  1.652601715024957E-009
  3.577653321178592E-009
  3.751021282746837E-009
  4.362628140445432E-009
  1.535437904514670E-008
  2.964534198746383E-008
  7.652971139135080E-008
  1.711312503668883E-007
  4.165177823368838E-007
  9.754359449962041E-007
  2.337153897717315E-006
  5.496658351752143E-006
  1.285733843059142E-005
  2.921436514121237E-005
  6.389901198661998E-005
  1.298229492305509E-004
  2.329102968952954E-004
  3.294703666009502E-004
  3.185406462017642E-004
  2.114879292934431E-004
  1.089847783191616E-004
  4.846458426729531E-005
  1.948923366700249E-005
  7.268683899910104E-006
  2.535678615900267E-006
  8.346819790065674E-007
  2.602956815264756E-007
  7.861645758298088E-008
  2.474925455140828E-008
  8.630365588426548E-009
  4.383441206728729E-009
  1.895358370423646E-009
  1.489561509253557E-009
  1.879309352133770E-010
  5.159276044755982E-010
  2.471872022989080E-009
  4.999317929228801E-009
  1.279914607852896E-008
  2.964534206118950E-008
  7.233368225682099E-008
  1.741451092703223E-007
  4.232182039358965E-007
  1.024003029520829E-006
  2.460065280267279E-006
  5.822383015744008E-006
  1.341766843616929E-005
  2.962699499364488E-005
  6.080609604174481E-005
  1.098360044745073E-004
  1.566214864064660E-004
  1.543052765085199E-004
  1.026874994007856E-004
  5.327130389271118E-005
  2.391835779637503E-005
  9.698373918191223E-006
  3.675640903532858E-006
  1.291263976354424E-006
  4.359863477787766E-007
  1.314773755995625E-007
  4.169566221312191E-008
  8.858251846067273E-009
  4.383441362291897E-009
 -3.056842519768129E-010
  1.434652767371322E-009
 -6.683519670956037E-010
  1.105757281544369E-009
  1.149979314672725E-009
  3.558010200985460E-010
  3.293939483163977E-009
  4.999317915683898E-009
  1.535437907763885E-008
  3.300111204421337E-008
  8.513983042297551E-008
  2.008285674415222E-007
  4.957522843963643E-007
  1.183427454690747E-006
  2.822213518274441E-006
  6.496828914610113E-006
  1.439893377630158E-005
  2.952209329719103E-005
  5.343989758941808E-005
  7.606086187343682E-005
  7.330922597788950E-005
  4.925094498782472E-005
  2.573222385003829E-005
  1.165092776414507E-005
  4.818911357803124E-006
  1.857627477522033E-006
  6.822567653595973E-007
  2.359170930175119E-007
  8.041996814978077E-008
  2.462265576829234E-008
  8.822076587375668E-009
  1.895358051742103E-009
  1.434652934774908E-009
 -1.489389960935282E-010
  6.003266853774970E-010
 -4.232349670424501E-010
 -3.089536600725271E-010
  7.134754322142034E-010
  3.558009453980662E-010
  2.471872034767673E-009
  4.362628166680995E-009
  1.308201806439973E-008
  3.041359553457171E-008
  7.933108256098871E-008
  1.942323319892243E-007
  4.832204433482091E-007
  1.162606208705038E-006
  2.736445641899985E-006
  6.120316226423050E-006
  1.274234106214908E-005
  2.321477599800496E-005
  3.342838578710097E-005
  3.387328753121862E-005
  2.260872897934844E-005
  1.183378309084307E-005
  5.390934150731127E-006
  2.214531618836490E-006
  8.612281549675408E-007
  3.078490987254166E-007
  1.090917849052709E-007
  3.265783025884120E-008
  1.163935814285786E-008
  1.652601469779330E-009
  1.489561751841683E-009
 -6.683523233019647E-010
  6.003268376893990E-010
 -5.481358036449983E-010
  5.823848891568451E-010
  7.169938049239698E-010
 -3.089536534809185E-010
  1.149979347338290E-009
  5.159275944657623E-010
  3.751021246310394E-009
  5.878473063538965E-009
  1.771385732453824E-008
  3.795649231446038E-008
  9.675270599985784E-008
  2.231298824784794E-007
  5.344639942728927E-007
  1.209977906148186E-006
  2.676413651865367E-006
  5.413374191221314E-006
  9.758517604776589E-006
  1.363374681301323E-005
  1.212851239069794E-005
  8.220887329085980E-006
  4.342155713790443E-006
  1.980274159871687E-006
  8.496771059645644E-007
  3.348284637052480E-007
  1.337095391312144E-007
  4.740979577984037E-008
  1.991803005238318E-008
  5.627479424537205E-009
  3.577653588576380E-009
  1.879307386976758E-010
  1.105757514123958E-009
 -4.232350079522311E-010
  5.823850143617983E-010
 -5.527491050875012E-010
